% time	cellId	Interference
0.121929	1	1.35324e-20 1.35324e-20 1.35324e-20 1.35324e-20 1.35324e-20 1.35324e-20 1.35324e-20 1.35324e-20 1.35324e-20 1.35324e-20 1.35324e-20 1.35324e-20 1.35324e-20 1.35324e-20 1.35324e-20 1.35324e-20 1.35324e-20 1.35324e-20 1.35324e-20 1.35324e-20 1.35324e-20 1.35324e-20 1.35324e-20 1.35324e-20 1.35324e-20 
0.121929	2	1.35324e-20 1.35324e-20 1.35324e-20 1.35324e-20 1.35324e-20 1.35324e-20 1.35324e-20 1.35324e-20 1.35324e-20 1.35324e-20 1.35324e-20 1.35324e-20 1.35324e-20 1.35324e-20 1.35324e-20 1.35324e-20 1.35324e-20 1.35324e-20 1.35324e-20 1.35324e-20 1.35324e-20 1.35324e-20 1.35324e-20 1.35324e-20 1.35324e-20 
0.221929	1	1.35324e-20 1.35324e-20 1.35324e-20 1.35324e-20 1.35324e-20 1.35324e-20 1.35324e-20 1.35324e-20 1.35324e-20 1.35324e-20 1.35324e-20 1.35324e-20 1.35324e-20 1.35324e-20 1.35324e-20 1.35324e-20 1.35324e-20 1.35324e-20 1.35324e-20 1.35324e-20 1.35324e-20 1.35324e-20 1.35324e-20 1.35324e-20 1.35324e-20 
0.221929	2	1.35324e-20 1.35324e-20 1.35324e-20 1.35324e-20 1.35324e-20 1.35324e-20 1.35324e-20 1.35324e-20 1.35324e-20 1.35324e-20 1.35324e-20 1.35324e-20 1.35324e-20 1.35324e-20 1.35324e-20 1.35324e-20 1.35324e-20 1.35324e-20 1.35324e-20 1.35324e-20 1.35324e-20 1.35324e-20 1.35324e-20 1.35324e-20 1.35324e-20 
0.321929	1	1.35324e-20 1.35324e-20 1.35324e-20 1.35324e-20 1.35324e-20 1.35324e-20 1.35324e-20 1.35324e-20 1.35324e-20 1.35324e-20 1.35324e-20 1.35324e-20 1.35324e-20 1.35324e-20 1.35324e-20 1.35324e-20 1.35324e-20 1.35324e-20 1.35324e-20 1.35324e-20 1.35324e-20 1.35324e-20 1.35324e-20 1.35324e-20 1.35324e-20 
0.321929	2	1.35324e-20 1.35324e-20 1.35324e-20 1.35324e-20 1.35324e-20 1.35324e-20 1.35324e-20 1.35324e-20 1.35324e-20 1.35324e-20 1.35324e-20 1.35324e-20 1.35324e-20 1.35324e-20 1.35324e-20 1.35324e-20 1.35324e-20 1.35324e-20 1.35324e-20 1.35324e-20 1.35324e-20 1.35324e-20 1.35324e-20 1.35324e-20 1.35324e-20 
0.421929	1	1.35324e-20 1.35324e-20 1.35324e-20 1.35324e-20 1.35324e-20 1.35324e-20 1.35324e-20 1.35324e-20 1.35324e-20 1.35324e-20 1.35324e-20 1.35324e-20 1.35324e-20 1.35324e-20 1.35324e-20 1.35324e-20 1.35324e-20 1.35324e-20 1.35324e-20 1.35324e-20 1.35324e-20 1.35324e-20 1.35324e-20 1.35324e-20 1.35324e-20 
0.421929	2	1.35324e-20 1.35324e-20 1.35324e-20 1.35324e-20 1.35324e-20 1.35324e-20 1.35324e-20 1.35324e-20 1.35324e-20 1.35324e-20 1.35324e-20 1.35324e-20 1.35324e-20 1.35324e-20 1.35324e-20 1.35324e-20 1.35324e-20 1.35324e-20 1.35324e-20 1.35324e-20 1.35324e-20 1.35324e-20 1.35324e-20 1.35324e-20 1.35324e-20 
0.521929	1	1.35324e-20 1.35324e-20 1.35324e-20 1.35324e-20 1.35324e-20 1.35324e-20 1.35324e-20 1.35324e-20 1.35324e-20 1.35324e-20 1.35324e-20 1.35324e-20 1.35324e-20 1.35324e-20 1.35324e-20 1.35324e-20 1.35324e-20 1.35324e-20 1.35324e-20 1.35324e-20 1.35324e-20 1.35324e-20 1.35324e-20 1.35324e-20 1.35324e-20 
0.521929	2	1.35324e-20 1.35324e-20 1.35324e-20 1.35324e-20 1.35324e-20 1.35324e-20 1.35324e-20 1.35324e-20 1.35324e-20 1.35324e-20 1.35324e-20 1.35324e-20 1.35324e-20 1.35324e-20 1.35324e-20 1.35324e-20 1.35324e-20 1.35324e-20 1.35324e-20 1.35324e-20 1.35324e-20 1.35324e-20 1.35324e-20 1.35324e-20 1.35324e-20 
0.621929	1	1.35324e-20 1.35324e-20 1.35324e-20 1.35324e-20 1.35324e-20 1.35324e-20 1.35324e-20 1.35324e-20 1.35324e-20 1.35324e-20 1.35324e-20 1.35324e-20 1.35324e-20 1.35324e-20 1.35324e-20 1.35324e-20 1.35324e-20 1.35324e-20 1.35324e-20 1.35324e-20 1.35324e-20 1.35324e-20 1.35324e-20 1.35324e-20 1.35324e-20 
0.621929	2	1.35324e-20 1.35324e-20 1.35324e-20 1.35324e-20 1.35324e-20 1.35324e-20 1.35324e-20 1.35324e-20 1.35324e-20 1.35324e-20 1.35324e-20 1.35324e-20 1.35324e-20 1.35324e-20 1.35324e-20 1.35324e-20 1.35324e-20 1.35324e-20 1.35324e-20 1.35324e-20 1.35324e-20 1.35324e-20 1.35324e-20 1.35324e-20 1.35324e-20 
0.721929	1	1.35324e-20 1.35324e-20 1.35324e-20 1.35324e-20 1.35324e-20 1.35324e-20 1.35324e-20 1.35324e-20 1.35324e-20 1.35324e-20 1.35324e-20 1.35324e-20 1.35324e-20 1.35324e-20 1.35324e-20 1.35324e-20 1.35324e-20 1.35324e-20 1.35324e-20 1.35324e-20 1.35324e-20 1.35324e-20 1.35324e-20 1.35324e-20 1.35324e-20 
0.721929	2	1.35324e-20 1.35324e-20 1.35324e-20 1.35324e-20 1.35324e-20 1.35324e-20 1.35324e-20 1.35324e-20 1.35324e-20 1.35324e-20 1.35324e-20 1.35324e-20 1.35324e-20 1.35324e-20 1.35324e-20 1.35324e-20 1.35324e-20 1.35324e-20 1.35324e-20 1.35324e-20 1.35324e-20 1.35324e-20 1.35324e-20 1.35324e-20 1.35324e-20 
0.821929	1	1.35324e-20 1.35324e-20 1.35324e-20 1.35324e-20 1.35324e-20 1.35324e-20 1.35324e-20 1.35324e-20 1.35324e-20 1.35324e-20 1.35324e-20 1.35324e-20 1.35324e-20 1.35324e-20 1.35324e-20 1.35324e-20 1.35324e-20 1.35324e-20 1.35324e-20 1.35324e-20 1.35324e-20 1.35324e-20 1.35324e-20 1.35324e-20 1.35324e-20 
0.821929	2	1.35324e-20 1.35324e-20 1.35324e-20 1.35324e-20 1.35324e-20 1.35324e-20 1.35324e-20 1.35324e-20 1.35324e-20 1.35324e-20 1.35324e-20 1.35324e-20 1.35324e-20 1.35324e-20 1.35324e-20 1.35324e-20 1.35324e-20 1.35324e-20 1.35324e-20 1.35324e-20 1.35324e-20 1.35324e-20 1.35324e-20 1.35324e-20 1.35324e-20 
0.921929	1	1.35324e-20 1.35324e-20 1.35324e-20 1.35324e-20 1.35324e-20 1.35324e-20 1.35324e-20 1.35324e-20 1.35324e-20 1.35324e-20 1.35324e-20 1.35324e-20 1.35324e-20 1.35324e-20 1.35324e-20 1.35324e-20 1.35324e-20 1.35324e-20 1.35324e-20 1.35324e-20 1.35324e-20 1.35324e-20 1.35324e-20 1.35324e-20 1.35324e-20 
0.921929	2	1.35324e-20 1.35324e-20 1.35324e-20 1.35324e-20 1.35324e-20 1.35324e-20 1.35324e-20 1.35324e-20 1.35324e-20 1.35324e-20 1.35324e-20 1.35324e-20 1.35324e-20 1.35324e-20 1.35324e-20 1.35324e-20 1.35324e-20 1.35324e-20 1.35324e-20 1.35324e-20 1.35324e-20 1.35324e-20 1.35324e-20 1.35324e-20 1.35324e-20 
1.02193	1	1.35324e-20 1.35324e-20 1.35324e-20 1.35324e-20 1.35324e-20 1.35324e-20 1.35324e-20 1.35324e-20 1.35324e-20 1.35324e-20 1.35324e-20 1.35324e-20 1.35324e-20 1.35324e-20 1.35324e-20 1.35324e-20 1.35324e-20 1.35324e-20 1.35324e-20 1.35324e-20 1.35324e-20 1.35324e-20 1.35324e-20 1.35324e-20 1.35324e-20 
1.02193	2	1.35324e-20 1.35324e-20 1.35324e-20 1.35324e-20 1.35324e-20 1.35324e-20 1.35324e-20 1.35324e-20 1.35324e-20 1.35324e-20 1.35324e-20 1.35324e-20 1.35324e-20 1.35324e-20 1.35324e-20 1.35324e-20 1.35324e-20 1.35324e-20 1.35324e-20 1.35324e-20 1.35324e-20 1.35324e-20 1.35324e-20 1.35324e-20 1.35324e-20 
1.12193	1	1.35324e-20 1.35324e-20 1.35324e-20 1.35324e-20 1.35324e-20 1.35324e-20 1.35324e-20 1.35324e-20 1.35324e-20 1.35324e-20 1.35324e-20 1.35324e-20 1.35324e-20 1.35324e-20 1.35324e-20 1.35324e-20 1.35324e-20 1.35324e-20 1.35324e-20 1.35324e-20 1.35324e-20 1.35324e-20 1.35324e-20 1.35324e-20 1.35324e-20 
1.12193	2	1.35324e-20 1.35324e-20 1.35324e-20 1.35324e-20 1.35324e-20 1.35324e-20 1.35324e-20 1.35324e-20 1.35324e-20 1.35324e-20 1.35324e-20 1.35324e-20 1.35324e-20 1.35324e-20 1.35324e-20 1.35324e-20 1.35324e-20 1.35324e-20 1.35324e-20 1.35324e-20 1.35324e-20 1.35324e-20 1.35324e-20 1.35324e-20 1.35324e-20 
1.22193	1	1.35324e-20 1.35324e-20 1.35324e-20 1.35324e-20 1.35324e-20 1.35324e-20 1.35324e-20 1.35324e-20 1.35324e-20 1.35324e-20 1.35324e-20 1.35324e-20 1.35324e-20 1.35324e-20 1.35324e-20 1.35324e-20 1.35324e-20 1.35324e-20 1.35324e-20 1.35324e-20 1.35324e-20 1.35324e-20 1.35324e-20 1.35324e-20 1.35324e-20 
1.22193	2	1.35324e-20 1.35324e-20 1.35324e-20 1.35324e-20 1.35324e-20 1.35324e-20 1.35324e-20 1.35324e-20 1.35324e-20 1.35324e-20 1.35324e-20 1.35324e-20 1.35324e-20 1.35324e-20 1.35324e-20 1.35324e-20 1.35324e-20 1.35324e-20 1.35324e-20 1.35324e-20 1.35324e-20 1.35324e-20 1.35324e-20 1.35324e-20 1.35324e-20 
1.32193	1	1.35324e-20 1.35324e-20 1.35324e-20 1.35324e-20 1.35324e-20 1.35324e-20 1.35324e-20 1.35324e-20 1.35324e-20 1.35324e-20 1.35324e-20 1.35324e-20 1.35324e-20 1.35324e-20 1.35324e-20 1.35324e-20 1.35324e-20 1.35324e-20 1.35324e-20 1.35324e-20 1.35324e-20 1.35324e-20 1.35324e-20 1.35324e-20 1.35324e-20 
1.32193	2	1.35324e-20 1.35324e-20 1.35324e-20 1.35324e-20 1.35324e-20 1.35324e-20 1.35324e-20 1.35324e-20 1.35324e-20 1.35324e-20 1.35324e-20 1.35324e-20 1.35324e-20 1.35324e-20 1.35324e-20 1.35324e-20 1.35324e-20 1.35324e-20 1.35324e-20 1.35324e-20 1.35324e-20 1.35324e-20 1.35324e-20 1.35324e-20 1.35324e-20 
1.42193	1	1.35324e-20 1.35324e-20 1.35324e-20 1.35324e-20 1.35324e-20 1.35324e-20 1.35324e-20 1.35324e-20 1.35324e-20 1.35324e-20 1.35324e-20 1.35324e-20 1.35324e-20 1.35324e-20 1.35324e-20 1.35324e-20 1.35324e-20 1.35324e-20 1.35324e-20 1.35324e-20 1.35324e-20 1.35324e-20 1.35324e-20 1.35324e-20 1.35324e-20 
1.42193	2	1.35324e-20 1.35324e-20 1.35324e-20 1.35324e-20 1.35324e-20 1.35324e-20 1.35324e-20 1.35324e-20 1.35324e-20 1.35324e-20 1.35324e-20 1.35324e-20 1.35324e-20 1.35324e-20 1.35324e-20 1.35324e-20 1.35324e-20 1.35324e-20 1.35324e-20 1.35324e-20 1.35324e-20 1.35324e-20 1.35324e-20 1.35324e-20 1.35324e-20 
1.52193	1	1.35324e-20 1.35324e-20 1.35324e-20 1.35324e-20 1.35324e-20 1.35324e-20 1.35324e-20 1.35324e-20 1.35324e-20 1.35324e-20 1.35324e-20 1.35324e-20 1.35324e-20 1.35324e-20 1.35324e-20 1.35324e-20 1.35324e-20 1.35324e-20 1.35324e-20 1.35324e-20 1.35324e-20 1.35324e-20 1.35324e-20 1.35324e-20 1.35324e-20 
1.52193	2	1.35324e-20 1.35324e-20 1.35324e-20 1.35324e-20 1.35324e-20 1.35324e-20 1.35324e-20 1.35324e-20 1.35324e-20 1.35324e-20 1.35324e-20 1.35324e-20 1.35324e-20 1.35324e-20 1.35324e-20 1.35324e-20 1.35324e-20 1.35324e-20 1.35324e-20 1.35324e-20 1.35324e-20 1.35324e-20 1.35324e-20 1.35324e-20 1.35324e-20 
1.62193	1	1.35324e-20 1.35324e-20 1.35324e-20 1.35324e-20 1.35324e-20 1.35324e-20 1.35324e-20 1.35324e-20 1.35324e-20 1.35324e-20 1.35324e-20 1.35324e-20 1.35324e-20 1.35324e-20 1.35324e-20 1.35324e-20 1.35324e-20 1.35324e-20 1.35324e-20 1.35324e-20 1.35324e-20 1.35324e-20 1.35324e-20 1.35324e-20 1.35324e-20 
1.62193	2	1.35324e-20 1.35324e-20 1.35324e-20 1.35324e-20 1.35324e-20 1.35324e-20 1.35324e-20 1.35324e-20 1.35324e-20 1.35324e-20 1.35324e-20 1.35324e-20 1.35324e-20 1.35324e-20 1.35324e-20 1.35324e-20 1.35324e-20 1.35324e-20 1.35324e-20 1.35324e-20 1.35324e-20 1.35324e-20 1.35324e-20 1.35324e-20 1.35324e-20 
1.72193	1	1.35324e-20 1.35324e-20 1.35324e-20 1.35324e-20 1.35324e-20 1.35324e-20 1.35324e-20 1.35324e-20 1.35324e-20 1.35324e-20 1.35324e-20 1.35324e-20 1.35324e-20 1.35324e-20 1.35324e-20 1.35324e-20 1.35324e-20 1.35324e-20 1.35324e-20 1.35324e-20 1.35324e-20 1.35324e-20 1.35324e-20 1.35324e-20 1.35324e-20 
1.72193	2	1.35324e-20 1.35324e-20 1.35324e-20 1.35324e-20 1.35324e-20 1.35324e-20 1.35324e-20 1.35324e-20 1.35324e-20 1.35324e-20 1.35324e-20 1.35324e-20 1.35324e-20 1.35324e-20 1.35324e-20 1.35324e-20 1.35324e-20 1.35324e-20 1.35324e-20 1.35324e-20 1.35324e-20 1.35324e-20 1.35324e-20 1.35324e-20 1.35324e-20 
1.82193	1	1.35324e-20 1.35324e-20 1.35324e-20 1.35324e-20 1.35324e-20 1.35324e-20 1.35324e-20 1.35324e-20 1.35324e-20 1.35324e-20 1.35324e-20 1.35324e-20 1.35324e-20 1.35324e-20 1.35324e-20 1.35324e-20 1.35324e-20 1.35324e-20 1.35324e-20 1.35324e-20 1.35324e-20 1.35324e-20 1.35324e-20 1.35324e-20 1.35324e-20 
1.82193	2	1.35324e-20 1.35324e-20 1.35324e-20 1.35324e-20 1.35324e-20 1.35324e-20 1.35324e-20 1.35324e-20 1.35324e-20 1.35324e-20 1.35324e-20 1.35324e-20 1.35324e-20 1.35324e-20 1.35324e-20 1.35324e-20 1.35324e-20 1.35324e-20 1.35324e-20 1.35324e-20 1.35324e-20 1.35324e-20 1.35324e-20 1.35324e-20 1.35324e-20 
1.92193	1	1.35324e-20 1.35324e-20 1.35324e-20 1.35324e-20 1.35324e-20 1.35324e-20 1.35324e-20 1.35324e-20 1.35324e-20 1.35324e-20 1.35324e-20 1.35324e-20 1.35324e-20 1.35324e-20 1.35324e-20 1.35324e-20 1.35324e-20 1.35324e-20 1.35324e-20 1.35324e-20 1.35324e-20 1.35324e-20 1.35324e-20 1.35324e-20 1.35324e-20 
1.92193	2	1.35324e-20 1.35324e-20 1.35324e-20 1.35324e-20 1.35324e-20 1.35324e-20 1.35324e-20 1.35324e-20 1.35324e-20 1.35324e-20 1.35324e-20 1.35324e-20 1.35324e-20 1.35324e-20 1.35324e-20 1.35324e-20 1.35324e-20 1.35324e-20 1.35324e-20 1.35324e-20 1.35324e-20 1.35324e-20 1.35324e-20 1.35324e-20 1.35324e-20 
2.02193	1	1.35324e-20 1.35324e-20 1.35324e-20 1.35324e-20 1.35324e-20 1.35324e-20 1.35324e-20 1.35324e-20 1.35324e-20 1.35324e-20 1.35324e-20 1.35324e-20 1.35324e-20 1.35324e-20 1.35324e-20 1.35324e-20 1.35324e-20 1.35324e-20 1.35324e-20 1.35324e-20 1.35324e-20 1.35324e-20 1.35324e-20 1.35324e-20 1.35324e-20 
2.02193	2	1.35324e-20 1.35324e-20 1.35324e-20 1.35324e-20 1.35324e-20 1.35324e-20 1.35324e-20 1.35324e-20 1.35324e-20 1.35324e-20 1.35324e-20 1.35324e-20 1.35324e-20 1.35324e-20 1.35324e-20 1.35324e-20 1.35324e-20 1.35324e-20 1.35324e-20 1.35324e-20 1.35324e-20 1.35324e-20 1.35324e-20 1.35324e-20 1.35324e-20 
2.12193	1	1.35324e-20 1.35324e-20 1.35324e-20 1.35324e-20 1.35324e-20 1.35324e-20 1.35324e-20 1.35324e-20 1.35324e-20 1.35324e-20 1.35324e-20 1.35324e-20 1.35324e-20 1.35324e-20 1.35324e-20 1.35324e-20 1.35324e-20 1.35324e-20 1.35324e-20 1.35324e-20 1.35324e-20 1.35324e-20 1.35324e-20 1.35324e-20 1.35324e-20 
2.12193	2	1.35324e-20 1.35324e-20 1.35324e-20 1.35324e-20 1.35324e-20 1.35324e-20 1.35324e-20 1.35324e-20 1.35324e-20 1.35324e-20 1.35324e-20 1.35324e-20 1.35324e-20 1.35324e-20 1.35324e-20 1.35324e-20 1.35324e-20 1.35324e-20 1.35324e-20 1.35324e-20 1.35324e-20 1.35324e-20 1.35324e-20 1.35324e-20 1.35324e-20 
2.22193	1	1.35324e-20 1.35324e-20 1.35324e-20 1.35324e-20 1.35324e-20 1.35324e-20 1.35324e-20 1.35324e-20 1.35324e-20 1.35324e-20 1.35324e-20 1.35324e-20 1.35324e-20 1.35324e-20 1.35324e-20 1.35324e-20 1.35324e-20 1.35324e-20 1.35324e-20 1.35324e-20 1.35324e-20 1.35324e-20 1.35324e-20 1.35324e-20 1.35324e-20 
2.22193	2	1.35324e-20 1.35324e-20 1.35324e-20 1.35324e-20 1.35324e-20 1.35324e-20 1.35324e-20 1.35324e-20 1.35324e-20 1.35324e-20 1.35324e-20 1.35324e-20 1.35324e-20 1.35324e-20 1.35324e-20 1.35324e-20 1.35324e-20 1.35324e-20 1.35324e-20 1.35324e-20 1.35324e-20 1.35324e-20 1.35324e-20 1.35324e-20 1.35324e-20 
2.32193	1	1.35324e-20 1.35324e-20 1.35324e-20 1.35324e-20 1.35324e-20 1.35324e-20 1.35324e-20 1.35324e-20 1.35324e-20 1.35324e-20 1.35324e-20 1.35324e-20 1.35324e-20 1.35324e-20 1.35324e-20 1.35324e-20 1.35324e-20 1.35324e-20 1.35324e-20 1.35324e-20 1.35324e-20 1.35324e-20 1.35324e-20 1.35324e-20 1.35324e-20 
2.32193	2	1.35324e-20 1.35324e-20 1.35324e-20 1.35324e-20 1.35324e-20 1.35324e-20 1.35324e-20 1.35324e-20 1.35324e-20 1.35324e-20 1.35324e-20 1.35324e-20 1.35324e-20 1.35324e-20 1.35324e-20 1.35324e-20 1.35324e-20 1.35324e-20 1.35324e-20 1.35324e-20 1.35324e-20 1.35324e-20 1.35324e-20 1.35324e-20 1.35324e-20 
2.42193	1	1.35324e-20 1.35324e-20 1.35324e-20 1.35324e-20 1.35324e-20 1.35324e-20 1.35324e-20 1.35324e-20 1.35324e-20 1.35324e-20 1.35324e-20 1.35324e-20 1.35324e-20 1.35324e-20 1.35324e-20 1.35324e-20 1.35324e-20 1.35324e-20 1.35324e-20 1.35324e-20 1.35324e-20 1.35324e-20 1.35324e-20 1.35324e-20 1.35324e-20 
2.42193	2	1.35324e-20 1.35324e-20 1.35324e-20 1.35324e-20 1.35324e-20 1.35324e-20 1.35324e-20 1.35324e-20 1.35324e-20 1.35324e-20 1.35324e-20 1.35324e-20 1.35324e-20 1.35324e-20 1.35324e-20 1.35324e-20 1.35324e-20 1.35324e-20 1.35324e-20 1.35324e-20 1.35324e-20 1.35324e-20 1.35324e-20 1.35324e-20 1.35324e-20 
2.52193	1	1.35324e-20 1.35324e-20 1.35324e-20 1.35324e-20 1.35324e-20 1.35324e-20 1.35324e-20 1.35324e-20 1.35324e-20 1.35324e-20 1.35324e-20 1.35324e-20 1.35324e-20 1.35324e-20 1.35324e-20 1.35324e-20 1.35324e-20 1.35324e-20 1.35324e-20 1.35324e-20 1.35324e-20 1.35324e-20 1.35324e-20 1.35324e-20 1.35324e-20 
2.52193	2	1.35324e-20 1.35324e-20 1.35324e-20 1.35324e-20 1.35324e-20 1.35324e-20 1.35324e-20 1.35324e-20 1.35324e-20 1.35324e-20 1.35324e-20 1.35324e-20 1.35324e-20 1.35324e-20 1.35324e-20 1.35324e-20 1.35324e-20 1.35324e-20 1.35324e-20 1.35324e-20 1.35324e-20 1.35324e-20 1.35324e-20 1.35324e-20 1.35324e-20 
2.62193	1	1.35324e-20 1.35324e-20 1.35324e-20 1.35324e-20 1.35324e-20 1.35324e-20 1.35324e-20 1.35324e-20 1.35324e-20 1.35324e-20 1.35324e-20 1.35324e-20 1.35324e-20 1.35324e-20 1.35324e-20 1.35324e-20 1.35324e-20 1.35324e-20 1.35324e-20 1.35324e-20 1.35324e-20 1.35324e-20 1.35324e-20 1.35324e-20 1.35324e-20 
2.62193	2	1.35324e-20 1.35324e-20 1.35324e-20 1.35324e-20 1.35324e-20 1.35324e-20 1.35324e-20 1.35324e-20 1.35324e-20 1.35324e-20 1.35324e-20 1.35324e-20 1.35324e-20 1.35324e-20 1.35324e-20 1.35324e-20 1.35324e-20 1.35324e-20 1.35324e-20 1.35324e-20 1.35324e-20 1.35324e-20 1.35324e-20 1.35324e-20 1.35324e-20 
2.72193	1	1.35324e-20 1.35324e-20 1.35324e-20 1.35324e-20 1.35324e-20 1.35324e-20 1.35324e-20 1.35324e-20 1.35324e-20 1.35324e-20 1.35324e-20 1.35324e-20 1.35324e-20 1.35324e-20 1.35324e-20 1.35324e-20 1.35324e-20 1.35324e-20 1.35324e-20 1.35324e-20 1.35324e-20 1.35324e-20 1.35324e-20 1.35324e-20 1.35324e-20 
2.72193	2	1.35324e-20 1.35324e-20 1.35324e-20 1.35324e-20 1.35324e-20 1.35324e-20 1.35324e-20 1.35324e-20 1.35324e-20 1.35324e-20 1.35324e-20 1.35324e-20 1.35324e-20 1.35324e-20 1.35324e-20 1.35324e-20 1.35324e-20 1.35324e-20 1.35324e-20 1.35324e-20 1.35324e-20 1.35324e-20 1.35324e-20 1.35324e-20 1.35324e-20 
2.82193	1	1.35324e-20 1.35324e-20 1.35324e-20 1.35324e-20 1.35324e-20 1.35324e-20 1.35324e-20 1.35324e-20 1.35324e-20 1.35324e-20 1.35324e-20 1.35324e-20 1.35324e-20 1.35324e-20 1.35324e-20 1.35324e-20 1.35324e-20 1.35324e-20 1.35324e-20 1.35324e-20 1.35324e-20 1.35324e-20 1.35324e-20 1.35324e-20 1.35324e-20 
2.82193	2	1.35324e-20 1.35324e-20 1.35324e-20 1.35324e-20 1.35324e-20 1.35324e-20 1.35324e-20 1.35324e-20 1.35324e-20 1.35324e-20 1.35324e-20 1.35324e-20 1.35324e-20 1.35324e-20 1.35324e-20 1.35324e-20 1.35324e-20 1.35324e-20 1.35324e-20 1.35324e-20 1.35324e-20 1.35324e-20 1.35324e-20 1.35324e-20 1.35324e-20 
2.92193	1	1.35324e-20 1.35324e-20 1.35324e-20 1.35324e-20 1.35324e-20 1.35324e-20 1.35324e-20 1.35324e-20 1.35324e-20 1.35324e-20 1.35324e-20 1.35324e-20 1.35324e-20 1.35324e-20 1.35324e-20 1.35324e-20 1.35324e-20 1.35324e-20 1.35324e-20 1.35324e-20 1.35324e-20 1.35324e-20 1.35324e-20 1.35324e-20 1.35324e-20 
2.92193	2	1.35324e-20 1.35324e-20 1.35324e-20 1.35324e-20 1.35324e-20 1.35324e-20 1.35324e-20 1.35324e-20 1.35324e-20 1.35324e-20 1.35324e-20 1.35324e-20 1.35324e-20 1.35324e-20 1.35324e-20 1.35324e-20 1.35324e-20 1.35324e-20 1.35324e-20 1.35324e-20 1.35324e-20 1.35324e-20 1.35324e-20 1.35324e-20 1.35324e-20 
3.02193	1	1.35324e-20 1.35324e-20 1.35324e-20 1.35324e-20 1.35324e-20 1.35324e-20 1.35324e-20 1.35324e-20 1.35324e-20 1.35324e-20 1.35324e-20 1.35324e-20 1.35324e-20 1.35324e-20 1.35324e-20 1.35324e-20 1.35324e-20 1.35324e-20 1.35324e-20 1.35324e-20 1.35324e-20 1.35324e-20 1.35324e-20 1.35324e-20 1.35324e-20 
3.02193	2	1.35324e-20 1.35324e-20 1.35324e-20 1.35324e-20 1.35324e-20 1.35324e-20 1.35324e-20 1.35324e-20 1.35324e-20 1.35324e-20 1.35324e-20 1.35324e-20 1.35324e-20 1.35324e-20 1.35324e-20 1.35324e-20 1.35324e-20 1.35324e-20 1.35324e-20 1.35324e-20 1.35324e-20 1.35324e-20 1.35324e-20 1.35324e-20 1.35324e-20 
3.12193	1	1.35324e-20 1.35324e-20 1.35324e-20 1.35324e-20 1.35324e-20 1.35324e-20 1.35324e-20 1.35324e-20 1.35324e-20 1.35324e-20 1.35324e-20 1.35324e-20 1.35324e-20 1.35324e-20 1.35324e-20 1.35324e-20 1.35324e-20 1.35324e-20 1.35324e-20 1.35324e-20 1.35324e-20 1.35324e-20 1.35324e-20 1.35324e-20 1.35324e-20 
3.12193	2	1.35324e-20 1.35324e-20 1.35324e-20 1.35324e-20 1.35324e-20 1.35324e-20 1.35324e-20 1.35324e-20 1.35324e-20 1.35324e-20 1.35324e-20 1.35324e-20 1.35324e-20 1.35324e-20 1.35324e-20 1.35324e-20 1.35324e-20 1.35324e-20 1.35324e-20 1.35324e-20 1.35324e-20 1.35324e-20 1.35324e-20 1.35324e-20 1.35324e-20 
3.22193	1	1.35324e-20 1.35324e-20 1.35324e-20 1.35324e-20 1.35324e-20 1.35324e-20 1.35324e-20 1.35324e-20 1.35324e-20 1.35324e-20 1.35324e-20 1.35324e-20 1.35324e-20 1.35324e-20 1.35324e-20 1.35324e-20 1.35324e-20 1.35324e-20 1.35324e-20 1.35324e-20 1.35324e-20 1.35324e-20 1.35324e-20 1.35324e-20 1.35324e-20 
3.22193	2	1.35324e-20 1.35324e-20 1.35324e-20 1.35324e-20 1.35324e-20 1.35324e-20 1.35324e-20 1.35324e-20 1.35324e-20 1.35324e-20 1.35324e-20 1.35324e-20 1.35324e-20 1.35324e-20 1.35324e-20 1.35324e-20 1.35324e-20 1.35324e-20 1.35324e-20 1.35324e-20 1.35324e-20 1.35324e-20 1.35324e-20 1.35324e-20 1.35324e-20 
3.32193	1	1.35324e-20 1.35324e-20 1.35324e-20 1.35324e-20 1.35324e-20 1.35324e-20 1.35324e-20 1.35324e-20 1.35324e-20 1.35324e-20 1.35324e-20 1.35324e-20 1.35324e-20 1.35324e-20 1.35324e-20 1.35324e-20 1.35324e-20 1.35324e-20 1.35324e-20 1.35324e-20 1.35324e-20 1.35324e-20 1.35324e-20 1.35324e-20 1.35324e-20 
3.32193	2	1.35324e-20 1.35324e-20 1.35324e-20 1.35324e-20 1.35324e-20 1.35324e-20 1.35324e-20 1.35324e-20 1.35324e-20 1.35324e-20 1.35324e-20 1.35324e-20 1.35324e-20 1.35324e-20 1.35324e-20 1.35324e-20 1.35324e-20 1.35324e-20 1.35324e-20 1.35324e-20 1.35324e-20 1.35324e-20 1.35324e-20 1.35324e-20 1.35324e-20 
3.42193	1	1.35324e-20 1.35324e-20 1.35324e-20 1.35324e-20 1.35324e-20 1.35324e-20 1.35324e-20 1.35324e-20 1.35324e-20 1.35324e-20 1.35324e-20 1.35324e-20 1.35324e-20 1.35324e-20 1.35324e-20 1.35324e-20 1.35324e-20 1.35324e-20 1.35324e-20 1.35324e-20 1.35324e-20 1.35324e-20 1.35324e-20 1.35324e-20 1.35324e-20 
3.42193	2	1.35324e-20 1.35324e-20 1.35324e-20 1.35324e-20 1.35324e-20 1.35324e-20 1.35324e-20 1.35324e-20 1.35324e-20 1.35324e-20 1.35324e-20 1.35324e-20 1.35324e-20 1.35324e-20 1.35324e-20 1.35324e-20 1.35324e-20 1.35324e-20 1.35324e-20 1.35324e-20 1.35324e-20 1.35324e-20 1.35324e-20 1.35324e-20 1.35324e-20 
3.52193	1	1.35324e-20 1.35324e-20 1.35324e-20 1.35324e-20 1.35324e-20 1.35324e-20 1.35324e-20 1.35324e-20 1.35324e-20 1.35324e-20 1.35324e-20 1.35324e-20 1.35324e-20 1.35324e-20 1.35324e-20 1.35324e-20 1.35324e-20 1.35324e-20 1.35324e-20 1.35324e-20 1.35324e-20 1.35324e-20 1.35324e-20 1.35324e-20 1.35324e-20 
3.52193	2	1.35324e-20 1.35324e-20 1.35324e-20 1.35324e-20 1.35324e-20 1.35324e-20 1.35324e-20 1.35324e-20 1.35324e-20 1.35324e-20 1.35324e-20 1.35324e-20 1.35324e-20 1.35324e-20 1.35324e-20 1.35324e-20 1.35324e-20 1.35324e-20 1.35324e-20 1.35324e-20 1.35324e-20 1.35324e-20 1.35324e-20 1.35324e-20 1.35324e-20 
3.62193	1	1.35324e-20 1.35324e-20 1.35324e-20 1.35324e-20 1.35324e-20 1.35324e-20 1.35324e-20 1.35324e-20 1.35324e-20 1.35324e-20 1.35324e-20 1.35324e-20 1.35324e-20 1.35324e-20 1.35324e-20 1.35324e-20 1.35324e-20 1.35324e-20 1.35324e-20 1.35324e-20 1.35324e-20 1.35324e-20 1.35324e-20 1.35324e-20 1.35324e-20 
3.62193	2	1.35324e-20 1.35324e-20 1.35324e-20 1.35324e-20 1.35324e-20 1.35324e-20 1.35324e-20 1.35324e-20 1.35324e-20 1.35324e-20 1.35324e-20 1.35324e-20 1.35324e-20 1.35324e-20 1.35324e-20 1.35324e-20 1.35324e-20 1.35324e-20 1.35324e-20 1.35324e-20 1.35324e-20 1.35324e-20 1.35324e-20 1.35324e-20 1.35324e-20 
3.72193	1	1.35324e-20 1.35324e-20 1.35324e-20 1.35324e-20 1.35324e-20 1.35324e-20 1.35324e-20 1.35324e-20 1.35324e-20 1.35324e-20 1.35324e-20 1.35324e-20 1.35324e-20 1.35324e-20 1.35324e-20 1.35324e-20 1.35324e-20 1.35324e-20 1.35324e-20 1.35324e-20 1.35324e-20 1.35324e-20 1.35324e-20 1.35324e-20 1.35324e-20 
3.72193	2	1.35324e-20 1.35324e-20 1.35324e-20 1.35324e-20 1.35324e-20 1.35324e-20 1.35324e-20 1.35324e-20 1.35324e-20 1.35324e-20 1.35324e-20 1.35324e-20 1.35324e-20 1.35324e-20 1.35324e-20 1.35324e-20 1.35324e-20 1.35324e-20 1.35324e-20 1.35324e-20 1.35324e-20 1.35324e-20 1.35324e-20 1.35324e-20 1.35324e-20 
3.82193	1	1.35324e-20 1.35324e-20 1.35324e-20 1.35324e-20 1.35324e-20 1.35324e-20 1.35324e-20 1.35324e-20 1.35324e-20 1.35324e-20 1.35324e-20 1.35324e-20 1.35324e-20 1.35324e-20 1.35324e-20 1.35324e-20 1.35324e-20 1.35324e-20 1.35324e-20 1.35324e-20 1.35324e-20 1.35324e-20 1.35324e-20 1.35324e-20 1.35324e-20 
3.82193	2	1.35324e-20 1.35324e-20 1.35324e-20 1.35324e-20 1.35324e-20 1.35324e-20 1.35324e-20 1.35324e-20 1.35324e-20 1.35324e-20 1.35324e-20 1.35324e-20 1.35324e-20 1.35324e-20 1.35324e-20 1.35324e-20 1.35324e-20 1.35324e-20 1.35324e-20 1.35324e-20 1.35324e-20 1.35324e-20 1.35324e-20 1.35324e-20 1.35324e-20 
3.92193	1	1.35324e-20 1.35324e-20 1.35324e-20 1.35324e-20 1.35324e-20 1.35324e-20 1.35324e-20 1.35324e-20 1.35324e-20 1.35324e-20 1.35324e-20 1.35324e-20 1.35324e-20 1.35324e-20 1.35324e-20 1.35324e-20 1.35324e-20 1.35324e-20 1.35324e-20 1.35324e-20 1.35324e-20 1.35324e-20 1.35324e-20 1.35324e-20 1.35324e-20 
3.92193	2	1.35324e-20 1.35324e-20 1.35324e-20 1.35324e-20 1.35324e-20 1.35324e-20 1.35324e-20 1.35324e-20 1.35324e-20 1.35324e-20 1.35324e-20 1.35324e-20 1.35324e-20 1.35324e-20 1.35324e-20 1.35324e-20 1.35324e-20 1.35324e-20 1.35324e-20 1.35324e-20 1.35324e-20 1.35324e-20 1.35324e-20 1.35324e-20 1.35324e-20 
4.02193	1	1.35324e-20 1.35324e-20 1.35324e-20 1.35324e-20 1.35324e-20 1.35324e-20 1.35324e-20 1.35324e-20 1.35324e-20 1.35324e-20 1.35324e-20 1.35324e-20 1.35324e-20 1.35324e-20 1.35324e-20 1.35324e-20 1.35324e-20 1.35324e-20 1.35324e-20 1.35324e-20 1.35324e-20 1.35324e-20 1.35324e-20 1.35324e-20 1.35324e-20 
4.02193	2	1.35324e-20 1.35324e-20 1.35324e-20 1.35324e-20 1.35324e-20 1.35324e-20 1.35324e-20 1.35324e-20 1.35324e-20 1.35324e-20 1.35324e-20 1.35324e-20 1.35324e-20 1.35324e-20 1.35324e-20 1.35324e-20 1.35324e-20 1.35324e-20 1.35324e-20 1.35324e-20 1.35324e-20 1.35324e-20 1.35324e-20 1.35324e-20 1.35324e-20 
4.12193	1	1.35324e-20 1.35324e-20 1.35324e-20 1.35324e-20 1.35324e-20 1.35324e-20 1.35324e-20 1.35324e-20 1.35324e-20 1.35324e-20 1.35324e-20 1.35324e-20 1.35324e-20 1.35324e-20 1.35324e-20 1.35324e-20 1.35324e-20 1.35324e-20 1.35324e-20 1.35324e-20 1.35324e-20 1.35324e-20 1.35324e-20 1.35324e-20 1.35324e-20 
4.12193	2	1.35324e-20 1.35324e-20 1.35324e-20 1.35324e-20 1.35324e-20 1.35324e-20 1.35324e-20 1.35324e-20 1.35324e-20 1.35324e-20 1.35324e-20 1.35324e-20 1.35324e-20 1.35324e-20 1.35324e-20 1.35324e-20 1.35324e-20 1.35324e-20 1.35324e-20 1.35324e-20 1.35324e-20 1.35324e-20 1.35324e-20 1.35324e-20 1.35324e-20 
4.22193	1	1.35324e-20 1.35324e-20 1.35324e-20 1.35324e-20 1.35324e-20 1.35324e-20 1.35324e-20 1.35324e-20 1.35324e-20 1.35324e-20 1.35324e-20 1.35324e-20 1.35324e-20 1.35324e-20 1.35324e-20 1.35324e-20 1.35324e-20 1.35324e-20 1.35324e-20 1.35324e-20 1.35324e-20 1.35324e-20 1.35324e-20 1.35324e-20 1.35324e-20 
4.22193	2	1.35324e-20 1.35324e-20 1.35324e-20 1.35324e-20 1.35324e-20 1.35324e-20 1.35324e-20 1.35324e-20 1.35324e-20 1.35324e-20 1.35324e-20 1.35324e-20 1.35324e-20 1.35324e-20 1.35324e-20 1.35324e-20 1.35324e-20 1.35324e-20 1.35324e-20 1.35324e-20 1.35324e-20 1.35324e-20 1.35324e-20 1.35324e-20 1.35324e-20 
4.32193	1	1.35324e-20 1.35324e-20 1.35324e-20 1.35324e-20 1.35324e-20 1.35324e-20 1.35324e-20 1.35324e-20 1.35324e-20 1.35324e-20 1.35324e-20 1.35324e-20 1.35324e-20 1.35324e-20 1.35324e-20 1.35324e-20 1.35324e-20 1.35324e-20 1.35324e-20 1.35324e-20 1.35324e-20 1.35324e-20 1.35324e-20 1.35324e-20 1.35324e-20 
4.32193	2	1.35324e-20 1.35324e-20 1.35324e-20 1.35324e-20 1.35324e-20 1.35324e-20 1.35324e-20 1.35324e-20 1.35324e-20 1.35324e-20 1.35324e-20 1.35324e-20 1.35324e-20 1.35324e-20 1.35324e-20 1.35324e-20 1.35324e-20 1.35324e-20 1.35324e-20 1.35324e-20 1.35324e-20 1.35324e-20 1.35324e-20 1.35324e-20 1.35324e-20 
4.42193	1	1.35324e-20 1.35324e-20 1.35324e-20 1.35324e-20 1.35324e-20 1.35324e-20 1.35324e-20 1.35324e-20 1.35324e-20 1.35324e-20 1.35324e-20 1.35324e-20 1.35324e-20 1.35324e-20 1.35324e-20 1.35324e-20 1.35324e-20 1.35324e-20 1.35324e-20 1.35324e-20 1.35324e-20 1.35324e-20 1.35324e-20 1.35324e-20 1.35324e-20 
4.42193	2	1.35324e-20 1.35324e-20 1.35324e-20 1.35324e-20 1.35324e-20 1.35324e-20 1.35324e-20 1.35324e-20 1.35324e-20 1.35324e-20 1.35324e-20 1.35324e-20 1.35324e-20 1.35324e-20 1.35324e-20 1.35324e-20 1.35324e-20 1.35324e-20 1.35324e-20 1.35324e-20 1.35324e-20 1.35324e-20 1.35324e-20 1.35324e-20 1.35324e-20 
4.52193	1	1.35324e-20 1.35324e-20 1.35324e-20 1.35324e-20 1.35324e-20 1.35324e-20 1.35324e-20 1.35324e-20 1.35324e-20 1.35324e-20 1.35324e-20 1.35324e-20 1.35324e-20 1.35324e-20 1.35324e-20 1.35324e-20 1.35324e-20 1.35324e-20 1.35324e-20 1.35324e-20 1.35324e-20 1.35324e-20 1.35324e-20 1.35324e-20 1.35324e-20 
4.52193	2	1.35324e-20 1.35324e-20 1.35324e-20 1.35324e-20 1.35324e-20 1.35324e-20 1.35324e-20 1.35324e-20 1.35324e-20 1.35324e-20 1.35324e-20 1.35324e-20 1.35324e-20 1.35324e-20 1.35324e-20 1.35324e-20 1.35324e-20 1.35324e-20 1.35324e-20 1.35324e-20 1.35324e-20 1.35324e-20 1.35324e-20 1.35324e-20 1.35324e-20 
4.62193	1	1.35324e-20 1.35324e-20 1.35324e-20 1.35324e-20 1.35324e-20 1.35324e-20 1.35324e-20 1.35324e-20 1.35324e-20 1.35324e-20 1.35324e-20 1.35324e-20 1.35324e-20 1.35324e-20 1.35324e-20 1.35324e-20 1.35324e-20 1.35324e-20 1.35324e-20 1.35324e-20 1.35324e-20 1.35324e-20 1.35324e-20 1.35324e-20 1.35324e-20 
4.62193	2	1.35324e-20 1.35324e-20 1.35324e-20 1.35324e-20 1.35324e-20 1.35324e-20 1.35324e-20 1.35324e-20 1.35324e-20 1.35324e-20 1.35324e-20 1.35324e-20 1.35324e-20 1.35324e-20 1.35324e-20 1.35324e-20 1.35324e-20 1.35324e-20 1.35324e-20 1.35324e-20 1.35324e-20 1.35324e-20 1.35324e-20 1.35324e-20 1.35324e-20 
4.72193	1	1.35324e-20 1.35324e-20 1.35324e-20 1.35324e-20 1.35324e-20 1.35324e-20 1.35324e-20 1.35324e-20 1.35324e-20 1.35324e-20 1.35324e-20 1.35324e-20 1.35324e-20 1.35324e-20 1.35324e-20 1.35324e-20 1.35324e-20 1.35324e-20 1.35324e-20 1.35324e-20 1.35324e-20 1.35324e-20 1.35324e-20 1.35324e-20 1.35324e-20 
4.72193	2	1.35324e-20 1.35324e-20 1.35324e-20 1.35324e-20 1.35324e-20 1.35324e-20 1.35324e-20 1.35324e-20 1.35324e-20 1.35324e-20 1.35324e-20 1.35324e-20 1.35324e-20 1.35324e-20 1.35324e-20 1.35324e-20 1.35324e-20 1.35324e-20 1.35324e-20 1.35324e-20 1.35324e-20 1.35324e-20 1.35324e-20 1.35324e-20 1.35324e-20 
4.82193	1	1.35324e-20 1.35324e-20 1.35324e-20 1.35324e-20 1.35324e-20 1.35324e-20 1.35324e-20 1.35324e-20 1.35324e-20 1.35324e-20 1.35324e-20 1.35324e-20 1.35324e-20 1.35324e-20 1.35324e-20 1.35324e-20 1.35324e-20 1.35324e-20 1.35324e-20 1.35324e-20 1.35324e-20 1.35324e-20 1.35324e-20 1.35324e-20 1.35324e-20 
4.82193	2	1.35324e-20 1.35324e-20 1.35324e-20 1.35324e-20 1.35324e-20 1.35324e-20 1.35324e-20 1.35324e-20 1.35324e-20 1.35324e-20 1.35324e-20 1.35324e-20 1.35324e-20 1.35324e-20 1.35324e-20 1.35324e-20 1.35324e-20 1.35324e-20 1.35324e-20 1.35324e-20 1.35324e-20 1.35324e-20 1.35324e-20 1.35324e-20 1.35324e-20 
4.92193	1	1.35324e-20 1.35324e-20 1.35324e-20 1.35324e-20 1.35324e-20 1.35324e-20 1.35324e-20 1.35324e-20 1.35324e-20 1.35324e-20 1.35324e-20 1.35324e-20 1.35324e-20 1.35324e-20 1.35324e-20 1.35324e-20 1.35324e-20 1.35324e-20 1.35324e-20 1.35324e-20 1.35324e-20 1.35324e-20 1.35324e-20 1.35324e-20 1.35324e-20 
4.92193	2	1.35324e-20 1.35324e-20 1.35324e-20 1.35324e-20 1.35324e-20 1.35324e-20 1.35324e-20 1.35324e-20 1.35324e-20 1.35324e-20 1.35324e-20 1.35324e-20 1.35324e-20 1.35324e-20 1.35324e-20 1.35324e-20 1.35324e-20 1.35324e-20 1.35324e-20 1.35324e-20 1.35324e-20 1.35324e-20 1.35324e-20 1.35324e-20 1.35324e-20 
5.02193	1	1.35324e-20 1.35324e-20 1.35324e-20 1.35324e-20 1.35324e-20 1.35324e-20 1.35324e-20 1.35324e-20 1.35324e-20 1.35324e-20 1.35324e-20 1.35324e-20 1.35324e-20 1.35324e-20 1.35324e-20 1.35324e-20 1.35324e-20 1.35324e-20 1.35324e-20 1.35324e-20 1.35324e-20 1.35324e-20 1.35324e-20 1.35324e-20 1.35324e-20 
5.02193	2	1.35324e-20 1.35324e-20 1.35324e-20 1.35324e-20 1.35324e-20 1.35324e-20 1.35324e-20 1.35324e-20 1.35324e-20 1.35324e-20 1.35324e-20 1.35324e-20 1.35324e-20 1.35324e-20 1.35324e-20 1.35324e-20 1.35324e-20 1.35324e-20 1.35324e-20 1.35324e-20 1.35324e-20 1.35324e-20 1.35324e-20 1.35324e-20 1.35324e-20 
5.12193	1	1.35324e-20 1.35324e-20 1.35324e-20 1.35324e-20 1.35324e-20 1.35324e-20 1.35324e-20 1.35324e-20 1.35324e-20 1.35324e-20 1.35324e-20 1.35324e-20 1.35324e-20 1.35324e-20 1.35324e-20 1.35324e-20 1.35324e-20 1.35324e-20 1.35324e-20 1.35324e-20 1.35324e-20 1.35324e-20 1.35324e-20 1.35324e-20 1.35324e-20 
5.12193	2	1.35324e-20 1.35324e-20 1.35324e-20 1.35324e-20 1.35324e-20 1.35324e-20 1.35324e-20 1.35324e-20 1.35324e-20 1.35324e-20 1.35324e-20 1.35324e-20 1.35324e-20 1.35324e-20 1.35324e-20 1.35324e-20 1.35324e-20 1.35324e-20 1.35324e-20 1.35324e-20 1.35324e-20 1.35324e-20 1.35324e-20 1.35324e-20 1.35324e-20 
5.22193	1	1.35324e-20 1.35324e-20 1.35324e-20 1.35324e-20 1.35324e-20 1.35324e-20 1.35324e-20 1.35324e-20 1.35324e-20 1.35324e-20 1.35324e-20 1.35324e-20 1.35324e-20 1.35324e-20 1.35324e-20 1.35324e-20 1.35324e-20 1.35324e-20 1.35324e-20 1.35324e-20 1.35324e-20 1.35324e-20 1.35324e-20 1.35324e-20 1.35324e-20 
5.22193	2	1.35324e-20 1.35324e-20 1.35324e-20 1.35324e-20 1.35324e-20 1.35324e-20 1.35324e-20 1.35324e-20 1.35324e-20 1.35324e-20 1.35324e-20 1.35324e-20 1.35324e-20 1.35324e-20 1.35324e-20 1.35324e-20 1.35324e-20 1.35324e-20 1.35324e-20 1.35324e-20 1.35324e-20 1.35324e-20 1.35324e-20 1.35324e-20 1.35324e-20 
5.32193	1	1.35324e-20 1.35324e-20 1.35324e-20 1.35324e-20 1.35324e-20 1.35324e-20 1.35324e-20 1.35324e-20 1.35324e-20 1.35324e-20 1.35324e-20 1.35324e-20 1.35324e-20 1.35324e-20 1.35324e-20 1.35324e-20 1.35324e-20 1.35324e-20 1.35324e-20 1.35324e-20 1.35324e-20 1.35324e-20 1.35324e-20 1.35324e-20 1.35324e-20 
5.32193	2	1.35324e-20 1.35324e-20 1.35324e-20 1.35324e-20 1.35324e-20 1.35324e-20 1.35324e-20 1.35324e-20 1.35324e-20 1.35324e-20 1.35324e-20 1.35324e-20 1.35324e-20 1.35324e-20 1.35324e-20 1.35324e-20 1.35324e-20 1.35324e-20 1.35324e-20 1.35324e-20 1.35324e-20 1.35324e-20 1.35324e-20 1.35324e-20 1.35324e-20 
5.42193	1	1.35324e-20 1.35324e-20 1.35324e-20 1.35324e-20 1.35324e-20 1.35324e-20 1.35324e-20 1.35324e-20 1.35324e-20 1.35324e-20 1.35324e-20 1.35324e-20 1.35324e-20 1.35324e-20 1.35324e-20 1.35324e-20 1.35324e-20 1.35324e-20 1.35324e-20 1.35324e-20 1.35324e-20 1.35324e-20 1.35324e-20 1.35324e-20 1.35324e-20 
5.42193	2	1.35324e-20 1.35324e-20 1.35324e-20 1.35324e-20 1.35324e-20 1.35324e-20 1.35324e-20 1.35324e-20 1.35324e-20 1.35324e-20 1.35324e-20 1.35324e-20 1.35324e-20 1.35324e-20 1.35324e-20 1.35324e-20 1.35324e-20 1.35324e-20 1.35324e-20 1.35324e-20 1.35324e-20 1.35324e-20 1.35324e-20 1.35324e-20 1.35324e-20 
5.52193	1	1.35324e-20 1.35324e-20 1.35324e-20 1.35324e-20 1.35324e-20 1.35324e-20 1.35324e-20 1.35324e-20 1.35324e-20 1.35324e-20 1.35324e-20 1.35324e-20 1.35324e-20 1.35324e-20 1.35324e-20 1.35324e-20 1.35324e-20 1.35324e-20 1.35324e-20 1.35324e-20 1.35324e-20 1.35324e-20 1.35324e-20 1.35324e-20 1.35324e-20 
5.52193	2	1.35324e-20 1.35324e-20 1.35324e-20 1.35324e-20 1.35324e-20 1.35324e-20 1.35324e-20 1.35324e-20 1.35324e-20 1.35324e-20 1.35324e-20 1.35324e-20 1.35324e-20 1.35324e-20 1.35324e-20 1.35324e-20 1.35324e-20 1.35324e-20 1.35324e-20 1.35324e-20 1.35324e-20 1.35324e-20 1.35324e-20 1.35324e-20 1.35324e-20 
5.62193	1	1.35324e-20 1.35324e-20 1.35324e-20 1.35324e-20 1.35324e-20 1.35324e-20 1.35324e-20 1.35324e-20 1.35324e-20 1.35324e-20 1.35324e-20 1.35324e-20 1.35324e-20 1.35324e-20 1.35324e-20 1.35324e-20 1.35324e-20 1.35324e-20 1.35324e-20 1.35324e-20 1.35324e-20 1.35324e-20 1.35324e-20 1.35324e-20 1.35324e-20 
5.62193	2	1.35324e-20 1.35324e-20 1.35324e-20 1.35324e-20 1.35324e-20 1.35324e-20 1.35324e-20 1.35324e-20 1.35324e-20 1.35324e-20 1.35324e-20 1.35324e-20 1.35324e-20 1.35324e-20 1.35324e-20 1.35324e-20 1.35324e-20 1.35324e-20 1.35324e-20 1.35324e-20 1.35324e-20 1.35324e-20 1.35324e-20 1.35324e-20 1.35324e-20 
5.72193	1	1.35324e-20 1.35324e-20 1.35324e-20 1.35324e-20 1.35324e-20 1.35324e-20 1.35324e-20 1.35324e-20 1.35324e-20 1.35324e-20 1.35324e-20 1.35324e-20 1.35324e-20 1.35324e-20 1.35324e-20 1.35324e-20 1.35324e-20 1.35324e-20 1.35324e-20 1.35324e-20 1.35324e-20 1.35324e-20 1.35324e-20 1.35324e-20 1.35324e-20 
5.72193	2	1.35324e-20 1.35324e-20 1.35324e-20 1.35324e-20 1.35324e-20 1.35324e-20 1.35324e-20 1.35324e-20 1.35324e-20 1.35324e-20 1.35324e-20 1.35324e-20 1.35324e-20 1.35324e-20 1.35324e-20 1.35324e-20 1.35324e-20 1.35324e-20 1.35324e-20 1.35324e-20 1.35324e-20 1.35324e-20 1.35324e-20 1.35324e-20 1.35324e-20 
5.82193	1	1.35324e-20 1.35324e-20 1.35324e-20 1.35324e-20 1.35324e-20 1.35324e-20 1.35324e-20 1.35324e-20 1.35324e-20 1.35324e-20 1.35324e-20 1.35324e-20 1.35324e-20 1.35324e-20 1.35324e-20 1.35324e-20 1.35324e-20 1.35324e-20 1.35324e-20 1.35324e-20 1.35324e-20 1.35324e-20 1.35324e-20 1.35324e-20 1.35324e-20 
5.82193	2	1.35324e-20 1.35324e-20 1.35324e-20 1.35324e-20 1.35324e-20 1.35324e-20 1.35324e-20 1.35324e-20 1.35324e-20 1.35324e-20 1.35324e-20 1.35324e-20 1.35324e-20 1.35324e-20 1.35324e-20 1.35324e-20 1.35324e-20 1.35324e-20 1.35324e-20 1.35324e-20 1.35324e-20 1.35324e-20 1.35324e-20 1.35324e-20 1.35324e-20 
5.92193	1	1.35324e-20 1.35324e-20 1.35324e-20 1.35324e-20 1.35324e-20 1.35324e-20 1.35324e-20 1.35324e-20 1.35324e-20 1.35324e-20 1.35324e-20 1.35324e-20 1.35324e-20 1.35324e-20 1.35324e-20 1.35324e-20 1.35324e-20 1.35324e-20 1.35324e-20 1.35324e-20 1.35324e-20 1.35324e-20 1.35324e-20 1.35324e-20 1.35324e-20 
5.92193	2	1.35324e-20 1.35324e-20 1.35324e-20 1.35324e-20 1.35324e-20 1.35324e-20 1.35324e-20 1.35324e-20 1.35324e-20 1.35324e-20 1.35324e-20 1.35324e-20 1.35324e-20 1.35324e-20 1.35324e-20 1.35324e-20 1.35324e-20 1.35324e-20 1.35324e-20 1.35324e-20 1.35324e-20 1.35324e-20 1.35324e-20 1.35324e-20 1.35324e-20 
6.02193	1	1.35324e-20 1.35324e-20 1.35324e-20 1.35324e-20 1.35324e-20 1.35324e-20 1.35324e-20 1.35324e-20 1.35324e-20 1.35324e-20 1.35324e-20 1.35324e-20 1.35324e-20 1.35324e-20 1.35324e-20 1.35324e-20 1.35324e-20 1.35324e-20 1.35324e-20 1.35324e-20 1.35324e-20 1.35324e-20 1.35324e-20 1.35324e-20 1.35324e-20 
6.02193	2	1.35324e-20 1.35324e-20 1.35324e-20 1.35324e-20 1.35324e-20 1.35324e-20 1.35324e-20 1.35324e-20 1.35324e-20 1.35324e-20 1.35324e-20 1.35324e-20 1.35324e-20 1.35324e-20 1.35324e-20 1.35324e-20 1.35324e-20 1.35324e-20 1.35324e-20 1.35324e-20 1.35324e-20 1.35324e-20 1.35324e-20 1.35324e-20 1.35324e-20 
6.12193	1	1.35324e-20 1.35324e-20 1.35324e-20 1.35324e-20 1.35324e-20 1.35324e-20 1.35324e-20 1.35324e-20 1.35324e-20 1.35324e-20 1.35324e-20 1.35324e-20 1.35324e-20 1.35324e-20 1.35324e-20 1.35324e-20 1.35324e-20 1.35324e-20 1.35324e-20 1.35324e-20 1.35324e-20 1.35324e-20 1.35324e-20 1.35324e-20 1.35324e-20 
6.12193	2	1.35324e-20 1.35324e-20 1.35324e-20 1.35324e-20 1.35324e-20 1.35324e-20 1.35324e-20 1.35324e-20 1.35324e-20 1.35324e-20 1.35324e-20 1.35324e-20 1.35324e-20 1.35324e-20 1.35324e-20 1.35324e-20 1.35324e-20 1.35324e-20 1.35324e-20 1.35324e-20 1.35324e-20 1.35324e-20 1.35324e-20 1.35324e-20 1.35324e-20 
6.22193	1	1.35324e-20 1.35324e-20 1.35324e-20 1.35324e-20 1.35324e-20 1.35324e-20 1.35324e-20 1.35324e-20 1.35324e-20 1.35324e-20 1.35324e-20 1.35324e-20 1.35324e-20 1.35324e-20 1.35324e-20 1.35324e-20 1.35324e-20 1.35324e-20 1.35324e-20 1.35324e-20 1.35324e-20 1.35324e-20 1.35324e-20 1.35324e-20 1.35324e-20 
6.22193	2	1.35324e-20 1.35324e-20 1.35324e-20 1.35324e-20 1.35324e-20 1.35324e-20 1.35324e-20 1.35324e-20 1.35324e-20 1.35324e-20 1.35324e-20 1.35324e-20 1.35324e-20 1.35324e-20 1.35324e-20 1.35324e-20 1.35324e-20 1.35324e-20 1.35324e-20 1.35324e-20 1.35324e-20 1.35324e-20 1.35324e-20 1.35324e-20 1.35324e-20 
6.32193	1	1.35324e-20 1.35324e-20 1.35324e-20 1.35324e-20 1.35324e-20 1.35324e-20 1.35324e-20 1.35324e-20 1.35324e-20 1.35324e-20 1.35324e-20 1.35324e-20 1.35324e-20 1.35324e-20 1.35324e-20 1.35324e-20 1.35324e-20 1.35324e-20 1.35324e-20 1.35324e-20 1.35324e-20 1.35324e-20 1.35324e-20 1.35324e-20 1.35324e-20 
6.32193	2	1.35324e-20 1.35324e-20 1.35324e-20 1.35324e-20 1.35324e-20 1.35324e-20 1.35324e-20 1.35324e-20 1.35324e-20 1.35324e-20 1.35324e-20 1.35324e-20 1.35324e-20 1.35324e-20 1.35324e-20 1.35324e-20 1.35324e-20 1.35324e-20 1.35324e-20 1.35324e-20 1.35324e-20 1.35324e-20 1.35324e-20 1.35324e-20 1.35324e-20 
6.42193	1	1.35324e-20 1.35324e-20 1.35324e-20 1.35324e-20 1.35324e-20 1.35324e-20 1.35324e-20 1.35324e-20 1.35324e-20 1.35324e-20 1.35324e-20 1.35324e-20 1.35324e-20 1.35324e-20 1.35324e-20 1.35324e-20 1.35324e-20 1.35324e-20 1.35324e-20 1.35324e-20 1.35324e-20 1.35324e-20 1.35324e-20 1.35324e-20 1.35324e-20 
6.42193	2	1.35324e-20 1.35324e-20 1.35324e-20 1.35324e-20 1.35324e-20 1.35324e-20 1.35324e-20 1.35324e-20 1.35324e-20 1.35324e-20 1.35324e-20 1.35324e-20 1.35324e-20 1.35324e-20 1.35324e-20 1.35324e-20 1.35324e-20 1.35324e-20 1.35324e-20 1.35324e-20 1.35324e-20 1.35324e-20 1.35324e-20 1.35324e-20 1.35324e-20 
6.52193	1	1.35324e-20 1.35324e-20 1.35324e-20 1.35324e-20 1.35324e-20 1.35324e-20 1.35324e-20 1.35324e-20 1.35324e-20 1.35324e-20 1.35324e-20 1.35324e-20 1.35324e-20 1.35324e-20 1.35324e-20 1.35324e-20 1.35324e-20 1.35324e-20 1.35324e-20 1.35324e-20 1.35324e-20 1.35324e-20 1.35324e-20 1.35324e-20 1.35324e-20 
6.52193	2	1.35324e-20 1.35324e-20 1.35324e-20 1.35324e-20 1.35324e-20 1.35324e-20 1.35324e-20 1.35324e-20 1.35324e-20 1.35324e-20 1.35324e-20 1.35324e-20 1.35324e-20 1.35324e-20 1.35324e-20 1.35324e-20 1.35324e-20 1.35324e-20 1.35324e-20 1.35324e-20 1.35324e-20 1.35324e-20 1.35324e-20 1.35324e-20 1.35324e-20 
6.62193	1	1.35324e-20 1.35324e-20 1.35324e-20 1.35324e-20 1.35324e-20 1.35324e-20 1.35324e-20 1.35324e-20 1.35324e-20 1.35324e-20 1.35324e-20 1.35324e-20 1.35324e-20 1.35324e-20 1.35324e-20 1.35324e-20 1.35324e-20 1.35324e-20 1.35324e-20 1.35324e-20 1.35324e-20 1.35324e-20 1.35324e-20 1.35324e-20 1.35324e-20 
6.62193	2	1.35324e-20 1.35324e-20 1.35324e-20 1.35324e-20 1.35324e-20 1.35324e-20 1.35324e-20 1.35324e-20 1.35324e-20 1.35324e-20 1.35324e-20 1.35324e-20 1.35324e-20 1.35324e-20 1.35324e-20 1.35324e-20 1.35324e-20 1.35324e-20 1.35324e-20 1.35324e-20 1.35324e-20 1.35324e-20 1.35324e-20 1.35324e-20 1.35324e-20 
6.72193	1	1.35324e-20 1.35324e-20 1.35324e-20 1.35324e-20 1.35324e-20 1.35324e-20 1.35324e-20 1.35324e-20 1.35324e-20 1.35324e-20 1.35324e-20 1.35324e-20 1.35324e-20 1.35324e-20 1.35324e-20 1.35324e-20 1.35324e-20 1.35324e-20 1.35324e-20 1.35324e-20 1.35324e-20 1.35324e-20 1.35324e-20 1.35324e-20 1.35324e-20 
6.72193	2	1.35324e-20 1.35324e-20 1.35324e-20 1.35324e-20 1.35324e-20 1.35324e-20 1.35324e-20 1.35324e-20 1.35324e-20 1.35324e-20 1.35324e-20 1.35324e-20 1.35324e-20 1.35324e-20 1.35324e-20 1.35324e-20 1.35324e-20 1.35324e-20 1.35324e-20 1.35324e-20 1.35324e-20 1.35324e-20 1.35324e-20 1.35324e-20 1.35324e-20 
6.82193	1	1.35324e-20 1.35324e-20 1.35324e-20 1.35324e-20 1.35324e-20 1.35324e-20 1.35324e-20 1.35324e-20 1.35324e-20 1.35324e-20 1.35324e-20 1.35324e-20 1.35324e-20 1.35324e-20 1.35324e-20 1.35324e-20 1.35324e-20 1.35324e-20 1.35324e-20 1.35324e-20 1.35324e-20 1.35324e-20 1.35324e-20 1.35324e-20 1.35324e-20 
6.82193	2	1.35324e-20 1.35324e-20 1.35324e-20 1.35324e-20 1.35324e-20 1.35324e-20 1.35324e-20 1.35324e-20 1.35324e-20 1.35324e-20 1.35324e-20 1.35324e-20 1.35324e-20 1.35324e-20 1.35324e-20 1.35324e-20 1.35324e-20 1.35324e-20 1.35324e-20 1.35324e-20 1.35324e-20 1.35324e-20 1.35324e-20 1.35324e-20 1.35324e-20 
6.92193	1	1.35324e-20 1.35324e-20 1.35324e-20 1.35324e-20 1.35324e-20 1.35324e-20 1.35324e-20 1.35324e-20 1.35324e-20 1.35324e-20 1.35324e-20 1.35324e-20 1.35324e-20 1.35324e-20 1.35324e-20 1.35324e-20 1.35324e-20 1.35324e-20 1.35324e-20 1.35324e-20 1.35324e-20 1.35324e-20 1.35324e-20 1.35324e-20 1.35324e-20 
6.92193	2	1.35324e-20 1.35324e-20 1.35324e-20 1.35324e-20 1.35324e-20 1.35324e-20 1.35324e-20 1.35324e-20 1.35324e-20 1.35324e-20 1.35324e-20 1.35324e-20 1.35324e-20 1.35324e-20 1.35324e-20 1.35324e-20 1.35324e-20 1.35324e-20 1.35324e-20 1.35324e-20 1.35324e-20 1.35324e-20 1.35324e-20 1.35324e-20 1.35324e-20 
7.02193	1	1.35324e-20 1.35324e-20 1.35324e-20 1.35324e-20 1.35324e-20 1.35324e-20 1.35324e-20 1.35324e-20 1.35324e-20 1.35324e-20 1.35324e-20 1.35324e-20 1.35324e-20 1.35324e-20 1.35324e-20 1.35324e-20 1.35324e-20 1.35324e-20 1.35324e-20 1.35324e-20 1.35324e-20 1.35324e-20 1.35324e-20 1.35324e-20 1.35324e-20 
7.02193	2	1.35324e-20 1.35324e-20 1.35324e-20 1.35324e-20 1.35324e-20 1.35324e-20 1.35324e-20 1.35324e-20 1.35324e-20 1.35324e-20 1.35324e-20 1.35324e-20 1.35324e-20 1.35324e-20 1.35324e-20 1.35324e-20 1.35324e-20 1.35324e-20 1.35324e-20 1.35324e-20 1.35324e-20 1.35324e-20 1.35324e-20 1.35324e-20 1.35324e-20 
7.12193	1	1.35324e-20 1.35324e-20 1.35324e-20 1.35324e-20 1.35324e-20 1.35324e-20 1.35324e-20 1.35324e-20 1.35324e-20 1.35324e-20 1.35324e-20 1.35324e-20 1.35324e-20 1.35324e-20 1.35324e-20 1.35324e-20 1.35324e-20 1.35324e-20 1.35324e-20 1.35324e-20 1.35324e-20 1.35324e-20 1.35324e-20 1.35324e-20 1.35324e-20 
7.12193	2	1.35324e-20 1.35324e-20 1.35324e-20 1.35324e-20 1.35324e-20 1.35324e-20 1.35324e-20 1.35324e-20 1.35324e-20 1.35324e-20 1.35324e-20 1.35324e-20 1.35324e-20 1.35324e-20 1.35324e-20 1.35324e-20 1.35324e-20 1.35324e-20 1.35324e-20 1.35324e-20 1.35324e-20 1.35324e-20 1.35324e-20 1.35324e-20 1.35324e-20 
7.22193	1	1.35324e-20 1.35324e-20 1.35324e-20 1.35324e-20 1.35324e-20 1.35324e-20 1.35324e-20 1.35324e-20 1.35324e-20 1.35324e-20 1.35324e-20 1.35324e-20 1.35324e-20 1.35324e-20 1.35324e-20 1.35324e-20 1.35324e-20 1.35324e-20 1.35324e-20 1.35324e-20 1.35324e-20 1.35324e-20 1.35324e-20 1.35324e-20 1.35324e-20 
7.22193	2	1.35324e-20 1.35324e-20 1.35324e-20 1.35324e-20 1.35324e-20 1.35324e-20 1.35324e-20 1.35324e-20 1.35324e-20 1.35324e-20 1.35324e-20 1.35324e-20 1.35324e-20 1.35324e-20 1.35324e-20 1.35324e-20 1.35324e-20 1.35324e-20 1.35324e-20 1.35324e-20 1.35324e-20 1.35324e-20 1.35324e-20 1.35324e-20 1.35324e-20 
7.32193	1	1.35324e-20 1.35324e-20 1.35324e-20 1.35324e-20 1.35324e-20 1.35324e-20 1.35324e-20 1.35324e-20 1.35324e-20 1.35324e-20 1.35324e-20 1.35324e-20 1.35324e-20 1.35324e-20 1.35324e-20 1.35324e-20 1.35324e-20 1.35324e-20 1.35324e-20 1.35324e-20 1.35324e-20 1.35324e-20 1.35324e-20 1.35324e-20 1.35324e-20 
7.32193	2	1.35324e-20 1.35324e-20 1.35324e-20 1.35324e-20 1.35324e-20 1.35324e-20 1.35324e-20 1.35324e-20 1.35324e-20 1.35324e-20 1.35324e-20 1.35324e-20 1.35324e-20 1.35324e-20 1.35324e-20 1.35324e-20 1.35324e-20 1.35324e-20 1.35324e-20 1.35324e-20 1.35324e-20 1.35324e-20 1.35324e-20 1.35324e-20 1.35324e-20 
7.42193	1	1.35324e-20 1.35324e-20 1.35324e-20 1.35324e-20 1.35324e-20 1.35324e-20 1.35324e-20 1.35324e-20 1.35324e-20 1.35324e-20 1.35324e-20 1.35324e-20 1.35324e-20 1.35324e-20 1.35324e-20 1.35324e-20 1.35324e-20 1.35324e-20 1.35324e-20 1.35324e-20 1.35324e-20 1.35324e-20 1.35324e-20 1.35324e-20 1.35324e-20 
7.42193	2	1.35324e-20 1.35324e-20 1.35324e-20 1.35324e-20 1.35324e-20 1.35324e-20 1.35324e-20 1.35324e-20 1.35324e-20 1.35324e-20 1.35324e-20 1.35324e-20 1.35324e-20 1.35324e-20 1.35324e-20 1.35324e-20 1.35324e-20 1.35324e-20 1.35324e-20 1.35324e-20 1.35324e-20 1.35324e-20 1.35324e-20 1.35324e-20 1.35324e-20 
7.52193	1	1.35324e-20 1.35324e-20 1.35324e-20 1.35324e-20 1.35324e-20 1.35324e-20 1.35324e-20 1.35324e-20 1.35324e-20 1.35324e-20 1.35324e-20 1.35324e-20 1.35324e-20 1.35324e-20 1.35324e-20 1.35324e-20 1.35324e-20 1.35324e-20 1.35324e-20 1.35324e-20 1.35324e-20 1.35324e-20 1.35324e-20 1.35324e-20 1.35324e-20 
7.52193	2	1.35324e-20 1.35324e-20 1.35324e-20 1.35324e-20 1.35324e-20 1.35324e-20 1.35324e-20 1.35324e-20 1.35324e-20 1.35324e-20 1.35324e-20 1.35324e-20 1.35324e-20 1.35324e-20 1.35324e-20 1.35324e-20 1.35324e-20 1.35324e-20 1.35324e-20 1.35324e-20 1.35324e-20 1.35324e-20 1.35324e-20 1.35324e-20 1.35324e-20 
7.62193	1	1.35324e-20 1.35324e-20 1.35324e-20 1.35324e-20 1.35324e-20 1.35324e-20 1.35324e-20 1.35324e-20 1.35324e-20 1.35324e-20 1.35324e-20 1.35324e-20 1.35324e-20 1.35324e-20 1.35324e-20 1.35324e-20 1.35324e-20 1.35324e-20 1.35324e-20 1.35324e-20 1.35324e-20 1.35324e-20 1.35324e-20 1.35324e-20 1.35324e-20 
7.62193	2	1.35324e-20 1.35324e-20 1.35324e-20 1.35324e-20 1.35324e-20 1.35324e-20 1.35324e-20 1.35324e-20 1.35324e-20 1.35324e-20 1.35324e-20 1.35324e-20 1.35324e-20 1.35324e-20 1.35324e-20 1.35324e-20 1.35324e-20 1.35324e-20 1.35324e-20 1.35324e-20 1.35324e-20 1.35324e-20 1.35324e-20 1.35324e-20 1.35324e-20 
7.72193	1	1.35324e-20 1.35324e-20 1.35324e-20 1.35324e-20 1.35324e-20 1.35324e-20 1.35324e-20 1.35324e-20 1.35324e-20 1.35324e-20 1.35324e-20 1.35324e-20 1.35324e-20 1.35324e-20 1.35324e-20 1.35324e-20 1.35324e-20 1.35324e-20 1.35324e-20 1.35324e-20 1.35324e-20 1.35324e-20 1.35324e-20 1.35324e-20 1.35324e-20 
7.72193	2	1.35324e-20 1.35324e-20 1.35324e-20 1.35324e-20 1.35324e-20 1.35324e-20 1.35324e-20 1.35324e-20 1.35324e-20 1.35324e-20 1.35324e-20 1.35324e-20 1.35324e-20 1.35324e-20 1.35324e-20 1.35324e-20 1.35324e-20 1.35324e-20 1.35324e-20 1.35324e-20 1.35324e-20 1.35324e-20 1.35324e-20 1.35324e-20 1.35324e-20 
7.82193	1	1.35324e-20 1.35324e-20 1.35324e-20 1.35324e-20 1.35324e-20 1.35324e-20 1.35324e-20 1.35324e-20 1.35324e-20 1.35324e-20 1.35324e-20 1.35324e-20 1.35324e-20 1.35324e-20 1.35324e-20 1.35324e-20 1.35324e-20 1.35324e-20 1.35324e-20 1.35324e-20 1.35324e-20 1.35324e-20 1.35324e-20 1.35324e-20 1.35324e-20 
7.82193	2	1.35324e-20 1.35324e-20 1.35324e-20 1.35324e-20 1.35324e-20 1.35324e-20 1.35324e-20 1.35324e-20 1.35324e-20 1.35324e-20 1.35324e-20 1.35324e-20 1.35324e-20 1.35324e-20 1.35324e-20 1.35324e-20 1.35324e-20 1.35324e-20 1.35324e-20 1.35324e-20 1.35324e-20 1.35324e-20 1.35324e-20 1.35324e-20 1.35324e-20 
7.92193	1	1.35324e-20 1.35324e-20 1.35324e-20 1.35324e-20 1.35324e-20 1.35324e-20 1.35324e-20 1.35324e-20 1.35324e-20 1.35324e-20 1.35324e-20 1.35324e-20 1.35324e-20 1.35324e-20 1.35324e-20 1.35324e-20 1.35324e-20 1.35324e-20 1.35324e-20 1.35324e-20 1.35324e-20 1.35324e-20 1.35324e-20 1.35324e-20 1.35324e-20 
7.92193	2	1.35324e-20 1.35324e-20 1.35324e-20 1.35324e-20 1.35324e-20 1.35324e-20 1.35324e-20 1.35324e-20 1.35324e-20 1.35324e-20 1.35324e-20 1.35324e-20 1.35324e-20 1.35324e-20 1.35324e-20 1.35324e-20 1.35324e-20 1.35324e-20 1.35324e-20 1.35324e-20 1.35324e-20 1.35324e-20 1.35324e-20 1.35324e-20 1.35324e-20 
8.02193	1	1.35324e-20 1.35324e-20 1.35324e-20 1.35324e-20 1.35324e-20 1.35324e-20 1.35324e-20 1.35324e-20 1.35324e-20 1.35324e-20 1.35324e-20 1.35324e-20 1.35324e-20 1.35324e-20 1.35324e-20 1.35324e-20 1.35324e-20 1.35324e-20 1.35324e-20 1.35324e-20 1.35324e-20 1.35324e-20 1.35324e-20 1.35324e-20 1.35324e-20 
8.02193	2	1.35324e-20 1.35324e-20 1.35324e-20 1.35324e-20 1.35324e-20 1.35324e-20 1.35324e-20 1.35324e-20 1.35324e-20 1.35324e-20 1.35324e-20 1.35324e-20 1.35324e-20 1.35324e-20 1.35324e-20 1.35324e-20 1.35324e-20 1.35324e-20 1.35324e-20 1.35324e-20 1.35324e-20 1.35324e-20 1.35324e-20 1.35324e-20 1.35324e-20 
8.12193	1	1.35324e-20 1.35324e-20 1.35324e-20 1.35324e-20 1.35324e-20 1.35324e-20 1.35324e-20 1.35324e-20 1.35324e-20 1.35324e-20 1.35324e-20 1.35324e-20 1.35324e-20 1.35324e-20 1.35324e-20 1.35324e-20 1.35324e-20 1.35324e-20 1.35324e-20 1.35324e-20 1.35324e-20 1.35324e-20 1.35324e-20 1.35324e-20 1.35324e-20 
8.12193	2	1.35324e-20 1.35324e-20 1.35324e-20 1.35324e-20 1.35324e-20 1.35324e-20 1.35324e-20 1.35324e-20 1.35324e-20 1.35324e-20 1.35324e-20 1.35324e-20 1.35324e-20 1.35324e-20 1.35324e-20 1.35324e-20 1.35324e-20 1.35324e-20 1.35324e-20 1.35324e-20 1.35324e-20 1.35324e-20 1.35324e-20 1.35324e-20 1.35324e-20 
8.22193	1	1.35324e-20 1.35324e-20 1.35324e-20 1.35324e-20 1.35324e-20 1.35324e-20 1.35324e-20 1.35324e-20 1.35324e-20 1.35324e-20 1.35324e-20 1.35324e-20 1.35324e-20 1.35324e-20 1.35324e-20 1.35324e-20 1.35324e-20 1.35324e-20 1.35324e-20 1.35324e-20 1.35324e-20 1.35324e-20 1.35324e-20 1.35324e-20 1.35324e-20 
8.22193	2	1.35324e-20 1.35324e-20 1.35324e-20 1.35324e-20 1.35324e-20 1.35324e-20 1.35324e-20 1.35324e-20 1.35324e-20 1.35324e-20 1.35324e-20 1.35324e-20 1.35324e-20 1.35324e-20 1.35324e-20 1.35324e-20 1.35324e-20 1.35324e-20 1.35324e-20 1.35324e-20 1.35324e-20 1.35324e-20 1.35324e-20 1.35324e-20 1.35324e-20 
8.32193	1	1.35324e-20 1.35324e-20 1.35324e-20 1.35324e-20 1.35324e-20 1.35324e-20 1.35324e-20 1.35324e-20 1.35324e-20 1.35324e-20 1.35324e-20 1.35324e-20 1.35324e-20 1.35324e-20 1.35324e-20 1.35324e-20 1.35324e-20 1.35324e-20 1.35324e-20 1.35324e-20 1.35324e-20 1.35324e-20 1.35324e-20 1.35324e-20 1.35324e-20 
8.32193	2	1.35324e-20 1.35324e-20 1.35324e-20 1.35324e-20 1.35324e-20 1.35324e-20 1.35324e-20 1.35324e-20 1.35324e-20 1.35324e-20 1.35324e-20 1.35324e-20 1.35324e-20 1.35324e-20 1.35324e-20 1.35324e-20 1.35324e-20 1.35324e-20 1.35324e-20 1.35324e-20 1.35324e-20 1.35324e-20 1.35324e-20 1.35324e-20 1.35324e-20 
8.42193	1	1.35324e-20 1.35324e-20 1.35324e-20 1.35324e-20 1.35324e-20 1.35324e-20 1.35324e-20 1.35324e-20 1.35324e-20 1.35324e-20 1.35324e-20 1.35324e-20 1.35324e-20 1.35324e-20 1.35324e-20 1.35324e-20 1.35324e-20 1.35324e-20 1.35324e-20 1.35324e-20 1.35324e-20 1.35324e-20 1.35324e-20 1.35324e-20 1.35324e-20 
8.42193	2	1.35324e-20 1.35324e-20 1.35324e-20 1.35324e-20 1.35324e-20 1.35324e-20 1.35324e-20 1.35324e-20 1.35324e-20 1.35324e-20 1.35324e-20 1.35324e-20 1.35324e-20 1.35324e-20 1.35324e-20 1.35324e-20 1.35324e-20 1.35324e-20 1.35324e-20 1.35324e-20 1.35324e-20 1.35324e-20 1.35324e-20 1.35324e-20 1.35324e-20 
8.52193	1	1.35324e-20 1.35324e-20 1.35324e-20 1.35324e-20 1.35324e-20 1.35324e-20 1.35324e-20 1.35324e-20 1.35324e-20 1.35324e-20 1.35324e-20 1.35324e-20 1.35324e-20 1.35324e-20 1.35324e-20 1.35324e-20 1.35324e-20 1.35324e-20 1.35324e-20 1.35324e-20 1.35324e-20 1.35324e-20 1.35324e-20 1.35324e-20 1.35324e-20 
8.52193	2	1.35324e-20 1.35324e-20 1.35324e-20 1.35324e-20 1.35324e-20 1.35324e-20 1.35324e-20 1.35324e-20 1.35324e-20 1.35324e-20 1.35324e-20 1.35324e-20 1.35324e-20 1.35324e-20 1.35324e-20 1.35324e-20 1.35324e-20 1.35324e-20 1.35324e-20 1.35324e-20 1.35324e-20 1.35324e-20 1.35324e-20 1.35324e-20 1.35324e-20 
8.62193	1	1.35324e-20 1.35324e-20 1.35324e-20 1.35324e-20 1.35324e-20 1.35324e-20 1.35324e-20 1.35324e-20 1.35324e-20 1.35324e-20 1.35324e-20 1.35324e-20 1.35324e-20 1.35324e-20 1.35324e-20 1.35324e-20 1.35324e-20 1.35324e-20 1.35324e-20 1.35324e-20 1.35324e-20 1.35324e-20 1.35324e-20 1.35324e-20 1.35324e-20 
8.62193	2	1.35324e-20 1.35324e-20 1.35324e-20 1.35324e-20 1.35324e-20 1.35324e-20 1.35324e-20 1.35324e-20 1.35324e-20 1.35324e-20 1.35324e-20 1.35324e-20 1.35324e-20 1.35324e-20 1.35324e-20 1.35324e-20 1.35324e-20 1.35324e-20 1.35324e-20 1.35324e-20 1.35324e-20 1.35324e-20 1.35324e-20 1.35324e-20 1.35324e-20 
8.72193	1	1.35324e-20 1.35324e-20 1.35324e-20 1.35324e-20 1.35324e-20 1.35324e-20 1.35324e-20 1.35324e-20 1.35324e-20 1.35324e-20 1.35324e-20 1.35324e-20 1.35324e-20 1.35324e-20 1.35324e-20 1.35324e-20 1.35324e-20 1.35324e-20 1.35324e-20 1.35324e-20 1.35324e-20 1.35324e-20 1.35324e-20 1.35324e-20 1.35324e-20 
8.72193	2	1.35324e-20 1.35324e-20 1.35324e-20 1.35324e-20 1.35324e-20 1.35324e-20 1.35324e-20 1.35324e-20 1.35324e-20 1.35324e-20 1.35324e-20 1.35324e-20 1.35324e-20 1.35324e-20 1.35324e-20 1.35324e-20 1.35324e-20 1.35324e-20 1.35324e-20 1.35324e-20 1.35324e-20 1.35324e-20 1.35324e-20 1.35324e-20 1.35324e-20 
8.82193	1	1.35324e-20 1.35324e-20 1.35324e-20 1.35324e-20 1.35324e-20 1.35324e-20 1.35324e-20 1.35324e-20 1.35324e-20 1.35324e-20 1.35324e-20 1.35324e-20 1.35324e-20 1.35324e-20 1.35324e-20 1.35324e-20 1.35324e-20 1.35324e-20 1.35324e-20 1.35324e-20 1.35324e-20 1.35324e-20 1.35324e-20 1.35324e-20 1.35324e-20 
8.82193	2	1.35324e-20 1.35324e-20 1.35324e-20 1.35324e-20 1.35324e-20 1.35324e-20 1.35324e-20 1.35324e-20 1.35324e-20 1.35324e-20 1.35324e-20 1.35324e-20 1.35324e-20 1.35324e-20 1.35324e-20 1.35324e-20 1.35324e-20 1.35324e-20 1.35324e-20 1.35324e-20 1.35324e-20 1.35324e-20 1.35324e-20 1.35324e-20 1.35324e-20 
8.92193	1	1.35324e-20 1.35324e-20 1.35324e-20 1.35324e-20 1.35324e-20 1.35324e-20 1.35324e-20 1.35324e-20 1.35324e-20 1.35324e-20 1.35324e-20 1.35324e-20 1.35324e-20 1.35324e-20 1.35324e-20 1.35324e-20 1.35324e-20 1.35324e-20 1.35324e-20 1.35324e-20 1.35324e-20 1.35324e-20 1.35324e-20 1.35324e-20 1.35324e-20 
8.92193	2	1.35324e-20 1.35324e-20 1.35324e-20 1.35324e-20 1.35324e-20 1.35324e-20 1.35324e-20 1.35324e-20 1.35324e-20 1.35324e-20 1.35324e-20 1.35324e-20 1.35324e-20 1.35324e-20 1.35324e-20 1.35324e-20 1.35324e-20 1.35324e-20 1.35324e-20 1.35324e-20 1.35324e-20 1.35324e-20 1.35324e-20 1.35324e-20 1.35324e-20 
9.02193	1	1.35324e-20 1.35324e-20 1.35324e-20 1.35324e-20 1.35324e-20 1.35324e-20 1.35324e-20 1.35324e-20 1.35324e-20 1.35324e-20 1.35324e-20 1.35324e-20 1.35324e-20 1.35324e-20 1.35324e-20 1.35324e-20 1.35324e-20 1.35324e-20 1.35324e-20 1.35324e-20 1.35324e-20 1.35324e-20 1.35324e-20 1.35324e-20 1.35324e-20 
9.02193	2	1.35324e-20 1.35324e-20 1.35324e-20 1.35324e-20 1.35324e-20 1.35324e-20 1.35324e-20 1.35324e-20 1.35324e-20 1.35324e-20 1.35324e-20 1.35324e-20 1.35324e-20 1.35324e-20 1.35324e-20 1.35324e-20 1.35324e-20 1.35324e-20 1.35324e-20 1.35324e-20 1.35324e-20 1.35324e-20 1.35324e-20 1.35324e-20 1.35324e-20 
9.12193	1	1.35324e-20 1.35324e-20 1.35324e-20 1.35324e-20 1.35324e-20 1.35324e-20 1.35324e-20 1.35324e-20 1.35324e-20 1.35324e-20 1.35324e-20 1.35324e-20 1.35324e-20 1.35324e-20 1.35324e-20 1.35324e-20 1.35324e-20 1.35324e-20 1.35324e-20 1.35324e-20 1.35324e-20 1.35324e-20 1.35324e-20 1.35324e-20 1.35324e-20 
9.12193	2	1.35324e-20 1.35324e-20 1.35324e-20 1.35324e-20 1.35324e-20 1.35324e-20 1.35324e-20 1.35324e-20 1.35324e-20 1.35324e-20 1.35324e-20 1.35324e-20 1.35324e-20 1.35324e-20 1.35324e-20 1.35324e-20 1.35324e-20 1.35324e-20 1.35324e-20 1.35324e-20 1.35324e-20 1.35324e-20 1.35324e-20 1.35324e-20 1.35324e-20 
9.22193	1	1.35324e-20 1.35324e-20 1.35324e-20 1.35324e-20 1.35324e-20 1.35324e-20 1.35324e-20 1.35324e-20 1.35324e-20 1.35324e-20 1.35324e-20 1.35324e-20 1.35324e-20 1.35324e-20 1.35324e-20 1.35324e-20 1.35324e-20 1.35324e-20 1.35324e-20 1.35324e-20 1.35324e-20 1.35324e-20 1.35324e-20 1.35324e-20 1.35324e-20 
9.22193	2	1.35324e-20 1.35324e-20 1.35324e-20 1.35324e-20 1.35324e-20 1.35324e-20 1.35324e-20 1.35324e-20 1.35324e-20 1.35324e-20 1.35324e-20 1.35324e-20 1.35324e-20 1.35324e-20 1.35324e-20 1.35324e-20 1.35324e-20 1.35324e-20 1.35324e-20 1.35324e-20 1.35324e-20 1.35324e-20 1.35324e-20 1.35324e-20 1.35324e-20 
9.32193	1	1.35324e-20 1.35324e-20 1.35324e-20 1.35324e-20 1.35324e-20 1.35324e-20 1.35324e-20 1.35324e-20 1.35324e-20 1.35324e-20 1.35324e-20 1.35324e-20 1.35324e-20 1.35324e-20 1.35324e-20 1.35324e-20 1.35324e-20 1.35324e-20 1.35324e-20 1.35324e-20 1.35324e-20 1.35324e-20 1.35324e-20 1.35324e-20 1.35324e-20 
9.32193	2	1.35324e-20 1.35324e-20 1.35324e-20 1.35324e-20 1.35324e-20 1.35324e-20 1.35324e-20 1.35324e-20 1.35324e-20 1.35324e-20 1.35324e-20 1.35324e-20 1.35324e-20 1.35324e-20 1.35324e-20 1.35324e-20 1.35324e-20 1.35324e-20 1.35324e-20 1.35324e-20 1.35324e-20 1.35324e-20 1.35324e-20 1.35324e-20 1.35324e-20 
9.42193	1	1.35324e-20 1.35324e-20 1.35324e-20 1.35324e-20 1.35324e-20 1.35324e-20 1.35324e-20 1.35324e-20 1.35324e-20 1.35324e-20 1.35324e-20 1.35324e-20 1.35324e-20 1.35324e-20 1.35324e-20 1.35324e-20 1.35324e-20 1.35324e-20 1.35324e-20 1.35324e-20 1.35324e-20 1.35324e-20 1.35324e-20 1.35324e-20 1.35324e-20 
9.42193	2	1.35324e-20 1.35324e-20 1.35324e-20 1.35324e-20 1.35324e-20 1.35324e-20 1.35324e-20 1.35324e-20 1.35324e-20 1.35324e-20 1.35324e-20 1.35324e-20 1.35324e-20 1.35324e-20 1.35324e-20 1.35324e-20 1.35324e-20 1.35324e-20 1.35324e-20 1.35324e-20 1.35324e-20 1.35324e-20 1.35324e-20 1.35324e-20 1.35324e-20 
9.52193	1	1.35324e-20 1.35324e-20 1.35324e-20 1.35324e-20 1.35324e-20 1.35324e-20 1.35324e-20 1.35324e-20 1.35324e-20 1.35324e-20 1.35324e-20 1.35324e-20 1.35324e-20 1.35324e-20 1.35324e-20 1.35324e-20 1.35324e-20 1.35324e-20 1.35324e-20 1.35324e-20 1.35324e-20 1.35324e-20 1.35324e-20 1.35324e-20 1.35324e-20 
9.52193	2	1.35324e-20 1.35324e-20 1.35324e-20 1.35324e-20 1.35324e-20 1.35324e-20 1.35324e-20 1.35324e-20 1.35324e-20 1.35324e-20 1.35324e-20 1.35324e-20 1.35324e-20 1.35324e-20 1.35324e-20 1.35324e-20 1.35324e-20 1.35324e-20 1.35324e-20 1.35324e-20 1.35324e-20 1.35324e-20 1.35324e-20 1.35324e-20 1.35324e-20 
9.62193	1	1.35324e-20 1.35324e-20 1.35324e-20 1.35324e-20 1.35324e-20 1.35324e-20 1.35324e-20 1.35324e-20 1.35324e-20 1.35324e-20 1.35324e-20 1.35324e-20 1.35324e-20 1.35324e-20 1.35324e-20 1.35324e-20 1.35324e-20 1.35324e-20 1.35324e-20 1.35324e-20 1.35324e-20 1.35324e-20 1.35324e-20 1.35324e-20 1.35324e-20 
9.62193	2	1.35324e-20 1.35324e-20 1.35324e-20 1.35324e-20 1.35324e-20 1.35324e-20 1.35324e-20 1.35324e-20 1.35324e-20 1.35324e-20 1.35324e-20 1.35324e-20 1.35324e-20 1.35324e-20 1.35324e-20 1.35324e-20 1.35324e-20 1.35324e-20 1.35324e-20 1.35324e-20 1.35324e-20 1.35324e-20 1.35324e-20 1.35324e-20 1.35324e-20 
9.72193	1	1.35324e-20 1.35324e-20 1.35324e-20 1.35324e-20 1.35324e-20 1.35324e-20 1.35324e-20 1.35324e-20 1.35324e-20 1.35324e-20 1.35324e-20 1.35324e-20 1.35324e-20 1.35324e-20 1.35324e-20 1.35324e-20 1.35324e-20 1.35324e-20 1.35324e-20 1.35324e-20 1.35324e-20 1.35324e-20 1.35324e-20 1.35324e-20 1.35324e-20 
9.72193	2	1.35324e-20 1.35324e-20 1.35324e-20 1.35324e-20 1.35324e-20 1.35324e-20 1.35324e-20 1.35324e-20 1.35324e-20 1.35324e-20 1.35324e-20 1.35324e-20 1.35324e-20 1.35324e-20 1.35324e-20 1.35324e-20 1.35324e-20 1.35324e-20 1.35324e-20 1.35324e-20 1.35324e-20 1.35324e-20 1.35324e-20 1.35324e-20 1.35324e-20 
9.82193	1	1.35324e-20 1.35324e-20 1.35324e-20 1.35324e-20 1.35324e-20 1.35324e-20 1.35324e-20 1.35324e-20 1.35324e-20 1.35324e-20 1.35324e-20 1.35324e-20 1.35324e-20 1.35324e-20 1.35324e-20 1.35324e-20 1.35324e-20 1.35324e-20 1.35324e-20 1.35324e-20 1.35324e-20 1.35324e-20 1.35324e-20 1.35324e-20 1.35324e-20 
9.82193	2	1.35324e-20 1.35324e-20 1.35324e-20 1.35324e-20 1.35324e-20 1.35324e-20 1.35324e-20 1.35324e-20 1.35324e-20 1.35324e-20 1.35324e-20 1.35324e-20 1.35324e-20 1.35324e-20 1.35324e-20 1.35324e-20 1.35324e-20 1.35324e-20 1.35324e-20 1.35324e-20 1.35324e-20 1.35324e-20 1.35324e-20 1.35324e-20 1.35324e-20 
9.92193	1	1.35324e-20 1.35324e-20 1.35324e-20 1.35324e-20 1.35324e-20 1.35324e-20 1.35324e-20 1.35324e-20 1.35324e-20 1.35324e-20 1.35324e-20 1.35324e-20 1.35324e-20 1.35324e-20 1.35324e-20 1.35324e-20 1.35324e-20 1.35324e-20 1.35324e-20 1.35324e-20 1.35324e-20 1.35324e-20 1.35324e-20 1.35324e-20 1.35324e-20 
9.92193	2	1.35324e-20 1.35324e-20 1.35324e-20 1.35324e-20 1.35324e-20 1.35324e-20 1.35324e-20 1.35324e-20 1.35324e-20 1.35324e-20 1.35324e-20 1.35324e-20 1.35324e-20 1.35324e-20 1.35324e-20 1.35324e-20 1.35324e-20 1.35324e-20 1.35324e-20 1.35324e-20 1.35324e-20 1.35324e-20 1.35324e-20 1.35324e-20 1.35324e-20 
