% time	cellId	IMSI	frame	sframe	RNTI	mcs	size	ccId
0.115	1	1	12	6	1	28	2292	0
0.115	2	2	12	6	1	28	2292	0
0.215	1	1	22	6	1	28	2292	0
0.215	2	2	22	6	1	28	2292	0
0.315	1	1	32	6	1	28	2292	0
0.315	2	2	32	6	1	28	2292	0
0.415	1	1	42	6	1	28	2292	0
0.415	2	2	42	6	1	28	2292	0
0.515	1	1	52	6	1	28	2292	0
0.515	2	2	52	6	1	28	2292	0
0.615	1	1	62	6	1	28	2292	0
0.615	2	2	62	6	1	28	2292	0
0.715	1	1	72	6	1	28	2292	0
0.715	2	2	72	6	1	28	2292	0
0.815	1	1	82	6	1	28	2292	0
0.815	2	2	82	6	1	28	2292	0
0.915	1	1	92	6	1	28	2292	0
0.915	2	2	92	6	1	28	2292	0
1.015	1	1	102	6	1	28	2292	0
1.015	2	2	102	6	1	28	2292	0
1.115	1	1	112	6	1	28	2292	0
1.115	2	2	112	6	1	28	2292	0
1.215	1	1	122	6	1	28	2292	0
1.215	2	2	122	6	1	28	2292	0
1.315	1	1	132	6	1	28	2292	0
1.315	2	2	132	6	1	28	2292	0
1.415	1	1	142	6	1	28	2292	0
1.415	2	2	142	6	1	28	2292	0
1.515	1	1	152	6	1	28	2292	0
1.515	2	2	152	6	1	28	2292	0
1.615	1	1	162	6	1	28	2292	0
1.615	2	2	162	6	1	28	2292	0
1.715	1	1	172	6	1	28	2292	0
1.715	2	2	172	6	1	28	2292	0
1.815	1	1	182	6	1	28	2292	0
1.815	2	2	182	6	1	28	2292	0
1.915	1	1	192	6	1	28	2292	0
1.915	2	2	192	6	1	28	2292	0
2.015	1	1	202	6	1	28	2292	0
2.015	2	2	202	6	1	28	2292	0
2.115	1	1	212	6	1	28	2292	0
2.115	2	2	212	6	1	28	2292	0
2.215	1	1	222	6	1	28	2292	0
2.215	2	2	222	6	1	28	2292	0
2.315	1	1	232	6	1	28	2292	0
2.315	2	2	232	6	1	28	2292	0
2.415	1	1	242	6	1	28	2292	0
2.415	2	2	242	6	1	28	2292	0
2.515	1	1	252	6	1	28	2292	0
2.515	2	2	252	6	1	28	2292	0
2.615	1	1	262	6	1	28	2292	0
2.615	2	2	262	6	1	28	2292	0
2.715	1	1	272	6	1	28	2292	0
2.715	2	2	272	6	1	28	2292	0
2.815	1	1	282	6	1	28	2292	0
2.815	2	2	282	6	1	28	2292	0
2.915	1	1	292	6	1	28	2292	0
2.915	2	2	292	6	1	28	2292	0
3.015	1	1	302	6	1	28	2292	0
3.015	2	2	302	6	1	28	2292	0
3.115	1	1	312	6	1	28	2292	0
3.115	2	2	312	6	1	28	2292	0
3.215	1	1	322	6	1	28	2292	0
3.215	2	2	322	6	1	28	2292	0
3.315	1	1	332	6	1	28	2292	0
3.315	2	2	332	6	1	28	2292	0
3.415	1	1	342	6	1	28	2292	0
3.415	2	2	342	6	1	28	2292	0
3.515	1	1	352	6	1	28	2292	0
3.515	2	2	352	6	1	28	2292	0
3.615	1	1	362	6	1	28	2292	0
3.615	2	2	362	6	1	28	2292	0
3.715	1	1	372	6	1	28	2292	0
3.715	2	2	372	6	1	28	2292	0
3.815	1	1	382	6	1	28	2292	0
3.815	2	2	382	6	1	28	2292	0
3.915	1	1	392	6	1	28	2292	0
3.915	2	2	392	6	1	28	2292	0
4.015	1	1	402	6	1	28	2292	0
4.015	2	2	402	6	1	28	2292	0
4.115	1	1	412	6	1	28	2292	0
4.115	2	2	412	6	1	28	2292	0
4.215	1	1	422	6	1	28	2292	0
4.215	2	2	422	6	1	28	2292	0
4.315	1	1	432	6	1	28	2292	0
4.315	2	2	432	6	1	28	2292	0
4.415	1	1	442	6	1	28	2292	0
4.415	2	2	442	6	1	28	2292	0
4.515	1	1	452	6	1	28	2292	0
4.515	2	2	452	6	1	28	2292	0
4.615	1	1	462	6	1	28	2292	0
4.615	2	2	462	6	1	28	2292	0
4.715	1	1	472	6	1	28	2292	0
4.715	2	2	472	6	1	28	2292	0
4.815	1	1	482	6	1	28	2292	0
4.815	2	2	482	6	1	28	2292	0
4.915	1	1	492	6	1	28	2292	0
4.915	2	2	492	6	1	28	2292	0
5.015	1	1	502	6	1	28	2292	0
5.015	2	2	502	6	1	28	2292	0
5.115	1	1	512	6	1	28	2292	0
5.115	2	2	512	6	1	28	2292	0
5.215	1	1	522	6	1	28	2292	0
5.215	2	2	522	6	1	28	2292	0
5.315	1	1	532	6	1	28	2292	0
5.315	2	2	532	6	1	28	2292	0
5.415	1	1	542	6	1	28	2292	0
5.415	2	2	542	6	1	28	2292	0
5.515	1	1	552	6	1	28	2292	0
5.515	2	2	552	6	1	28	2292	0
5.615	1	1	562	6	1	28	2292	0
5.615	2	2	562	6	1	28	2292	0
5.715	1	1	572	6	1	28	2292	0
5.715	2	2	572	6	1	28	2292	0
5.815	1	1	582	6	1	28	2292	0
5.815	2	2	582	6	1	28	2292	0
5.915	1	1	592	6	1	28	2292	0
5.915	2	2	592	6	1	28	2292	0
6.015	1	1	602	6	1	28	2292	0
6.015	2	2	602	6	1	28	2292	0
6.115	1	1	612	6	1	28	2292	0
6.115	2	2	612	6	1	28	2292	0
6.215	1	1	622	6	1	28	2292	0
6.215	2	2	622	6	1	28	2292	0
6.315	1	1	632	6	1	28	2292	0
6.315	2	2	632	6	1	28	2292	0
6.415	1	1	642	6	1	28	2292	0
6.415	2	2	642	6	1	28	2292	0
6.515	1	1	652	6	1	28	2292	0
6.515	2	2	652	6	1	28	2292	0
6.615	1	1	662	6	1	28	2292	0
6.615	2	2	662	6	1	28	2292	0
6.715	1	1	672	6	1	28	2292	0
6.715	2	2	672	6	1	28	2292	0
6.815	1	1	682	6	1	28	2292	0
6.815	2	2	682	6	1	28	2292	0
6.915	1	1	692	6	1	28	2292	0
6.915	2	2	692	6	1	28	2292	0
7.015	1	1	702	6	1	28	2292	0
7.015	2	2	702	6	1	28	2292	0
7.115	1	1	712	6	1	28	2292	0
7.115	2	2	712	6	1	28	2292	0
7.215	1	1	722	6	1	28	2292	0
7.215	2	2	722	6	1	28	2292	0
7.315	1	1	732	6	1	28	2292	0
7.315	2	2	732	6	1	28	2292	0
7.415	1	1	742	6	1	28	2292	0
7.415	2	2	742	6	1	28	2292	0
7.515	1	1	752	6	1	28	2292	0
7.515	2	2	752	6	1	28	2292	0
7.615	1	1	762	6	1	28	2292	0
7.615	2	2	762	6	1	28	2292	0
7.715	1	1	772	6	1	28	2292	0
7.715	2	2	772	6	1	28	2292	0
7.815	1	1	782	6	1	28	2292	0
7.815	2	2	782	6	1	28	2292	0
7.915	1	1	792	6	1	28	2292	0
7.915	2	2	792	6	1	28	2292	0
8.015	1	1	802	6	1	28	2292	0
8.015	2	2	802	6	1	28	2292	0
8.115	1	1	812	6	1	28	2292	0
8.115	2	2	812	6	1	28	2292	0
8.215	1	1	822	6	1	28	2292	0
8.215	2	2	822	6	1	28	2292	0
8.315	1	1	832	6	1	28	2292	0
8.315	2	2	832	6	1	28	2292	0
8.415	1	1	842	6	1	28	2292	0
8.415	2	2	842	6	1	28	2292	0
8.515	1	1	852	6	1	28	2292	0
8.515	2	2	852	6	1	28	2292	0
8.615	1	1	862	6	1	28	2292	0
8.615	2	2	862	6	1	28	2292	0
8.715	1	1	872	6	1	28	2292	0
8.715	2	2	872	6	1	28	2292	0
8.815	1	1	882	6	1	28	2292	0
8.815	2	2	882	6	1	28	2292	0
8.915	1	1	892	6	1	28	2292	0
8.915	2	2	892	6	1	28	2292	0
9.015	1	1	902	6	1	28	2292	0
9.015	2	2	902	6	1	28	2292	0
9.115	1	1	912	6	1	28	2292	0
9.115	2	2	912	6	1	28	2292	0
9.215	1	1	922	6	1	28	2292	0
9.215	2	2	922	6	1	28	2292	0
9.315	1	1	932	6	1	28	2292	0
9.315	2	2	932	6	1	28	2292	0
9.415	1	1	942	6	1	28	2292	0
9.415	2	2	942	6	1	28	2292	0
9.515	1	1	952	6	1	28	2292	0
9.515	2	2	952	6	1	28	2292	0
9.615	1	1	962	6	1	28	2292	0
9.615	2	2	962	6	1	28	2292	0
9.715	1	1	972	6	1	28	2292	0
9.715	2	2	972	6	1	28	2292	0
9.815	1	1	982	6	1	28	2292	0
9.815	2	2	982	6	1	28	2292	0
9.915	1	1	992	6	1	28	2292	0
9.915	2	2	992	6	1	28	2292	0
