% time	cellId	IMSI	RNTI	layer	mcs	size	rv	ndi	ccId
121	1	1	1	0	28	2292	0	1	0
121	2	2	1	0	28	2292	0	1	0
221	1	1	1	0	28	2292	0	1	0
221	2	2	1	0	28	2292	0	1	0
321	1	1	1	0	28	2292	0	1	0
321	2	2	1	0	28	2292	0	1	0
421	1	1	1	0	28	2292	0	1	0
421	2	2	1	0	28	2292	0	1	0
521	1	1	1	0	28	2292	0	1	0
521	2	2	1	0	28	2292	0	1	0
621	1	1	1	0	28	2292	0	1	0
621	2	2	1	0	28	2292	0	1	0
721	1	1	1	0	28	2292	0	1	0
721	2	2	1	0	28	2292	0	1	0
821	1	1	1	0	28	2292	0	1	0
821	2	2	1	0	28	2292	0	1	0
921	1	1	1	0	28	2292	0	1	0
921	2	2	1	0	28	2292	0	1	0
1021	1	1	1	0	28	2292	0	1	0
1021	2	2	1	0	28	2292	0	1	0
1121	1	1	1	0	28	2292	0	1	0
1121	2	2	1	0	28	2292	0	1	0
1221	1	1	1	0	28	2292	0	1	0
1221	2	2	1	0	28	2292	0	1	0
1321	1	1	1	0	28	2292	0	1	0
1321	2	2	1	0	28	2292	0	1	0
1421	1	1	1	0	28	2292	0	1	0
1421	2	2	1	0	28	2292	0	1	0
1521	1	1	1	0	28	2292	0	1	0
1521	2	2	1	0	28	2292	0	1	0
1621	1	1	1	0	28	2292	0	1	0
1621	2	2	1	0	28	2292	0	1	0
1721	1	1	1	0	28	2292	0	1	0
1721	2	2	1	0	28	2292	0	1	0
1821	1	1	1	0	28	2292	0	1	0
1821	2	2	1	0	28	2292	0	1	0
1921	1	1	1	0	28	2292	0	1	0
1921	2	2	1	0	28	2292	0	1	0
2021	1	1	1	0	28	2292	0	1	0
2021	2	2	1	0	28	2292	0	1	0
2121	1	1	1	0	28	2292	0	1	0
2121	2	2	1	0	28	2292	0	1	0
2221	1	1	1	0	28	2292	0	1	0
2221	2	2	1	0	28	2292	0	1	0
2321	1	1	1	0	28	2292	0	1	0
2321	2	2	1	0	28	2292	0	1	0
2421	1	1	1	0	28	2292	0	1	0
2421	2	2	1	0	28	2292	0	1	0
2521	1	1	1	0	28	2292	0	1	0
2521	2	2	1	0	28	2292	0	1	0
2621	1	1	1	0	28	2292	0	1	0
2621	2	2	1	0	28	2292	0	1	0
2721	1	1	1	0	28	2292	0	1	0
2721	2	2	1	0	28	2292	0	1	0
2821	1	1	1	0	28	2292	0	1	0
2821	2	2	1	0	28	2292	0	1	0
2921	1	1	1	0	28	2292	0	1	0
2921	2	2	1	0	28	2292	0	1	0
3021	1	1	1	0	28	2292	0	1	0
3021	2	2	1	0	28	2292	0	1	0
3121	1	1	1	0	28	2292	0	1	0
3121	2	2	1	0	28	2292	0	1	0
3221	1	1	1	0	28	2292	0	1	0
3221	2	2	1	0	28	2292	0	1	0
3321	1	1	1	0	28	2292	0	1	0
3321	2	2	1	0	28	2292	0	1	0
3421	1	1	1	0	28	2292	0	1	0
3421	2	2	1	0	28	2292	0	1	0
3521	1	1	1	0	28	2292	0	1	0
3521	2	2	1	0	28	2292	0	1	0
3621	1	1	1	0	28	2292	0	1	0
3621	2	2	1	0	28	2292	0	1	0
3721	1	1	1	0	28	2292	0	1	0
3721	2	2	1	0	28	2292	0	1	0
3821	1	1	1	0	28	2292	0	1	0
3821	2	2	1	0	28	2292	0	1	0
3921	1	1	1	0	28	2292	0	1	0
3921	2	2	1	0	28	2292	0	1	0
4021	1	1	1	0	28	2292	0	1	0
4021	2	2	1	0	28	2292	0	1	0
4121	1	1	1	0	28	2292	0	1	0
4121	2	2	1	0	28	2292	0	1	0
4221	1	1	1	0	28	2292	0	1	0
4221	2	2	1	0	28	2292	0	1	0
4321	1	1	1	0	28	2292	0	1	0
4321	2	2	1	0	28	2292	0	1	0
4421	1	1	1	0	28	2292	0	1	0
4421	2	2	1	0	28	2292	0	1	0
4521	1	1	1	0	28	2292	0	1	0
4521	2	2	1	0	28	2292	0	1	0
4621	1	1	1	0	28	2292	0	1	0
4621	2	2	1	0	28	2292	0	1	0
4721	1	1	1	0	28	2292	0	1	0
4721	2	2	1	0	28	2292	0	1	0
4821	1	1	1	0	28	2292	0	1	0
4821	2	2	1	0	28	2292	0	1	0
4921	1	1	1	0	28	2292	0	1	0
4921	2	2	1	0	28	2292	0	1	0
5021	1	1	1	0	28	2292	0	1	0
5021	2	2	1	0	28	2292	0	1	0
5121	1	1	1	0	28	2292	0	1	0
5121	2	2	1	0	28	2292	0	1	0
5221	1	1	1	0	28	2292	0	1	0
5221	2	2	1	0	28	2292	0	1	0
5321	1	1	1	0	28	2292	0	1	0
5321	2	2	1	0	28	2292	0	1	0
5421	1	1	1	0	28	2292	0	1	0
5421	2	2	1	0	28	2292	0	1	0
5521	1	1	1	0	28	2292	0	1	0
5521	2	2	1	0	28	2292	0	1	0
5621	1	1	1	0	28	2292	0	1	0
5621	2	2	1	0	28	2292	0	1	0
5721	1	1	1	0	28	2292	0	1	0
5721	2	2	1	0	28	2292	0	1	0
5821	1	1	1	0	28	2292	0	1	0
5821	2	2	1	0	28	2292	0	1	0
5921	1	1	1	0	28	2292	0	1	0
5921	2	2	1	0	28	2292	0	1	0
6021	1	1	1	0	28	2292	0	1	0
6021	2	2	1	0	28	2292	0	1	0
6121	1	1	1	0	28	2292	0	1	0
6121	2	2	1	0	28	2292	0	1	0
6221	1	1	1	0	28	2292	0	1	0
6221	2	2	1	0	28	2292	0	1	0
6321	1	1	1	0	28	2292	0	1	0
6321	2	2	1	0	28	2292	0	1	0
6421	1	1	1	0	28	2292	0	1	0
6421	2	2	1	0	28	2292	0	1	0
6521	1	1	1	0	28	2292	0	1	0
6521	2	2	1	0	28	2292	0	1	0
6621	1	1	1	0	28	2292	0	1	0
6621	2	2	1	0	28	2292	0	1	0
6721	1	1	1	0	28	2292	0	1	0
6721	2	2	1	0	28	2292	0	1	0
6821	1	1	1	0	28	2292	0	1	0
6821	2	2	1	0	28	2292	0	1	0
6921	1	1	1	0	28	2292	0	1	0
6921	2	2	1	0	28	2292	0	1	0
7021	1	1	1	0	28	2292	0	1	0
7021	2	2	1	0	28	2292	0	1	0
7121	1	1	1	0	28	2292	0	1	0
7121	2	2	1	0	28	2292	0	1	0
7221	1	1	1	0	28	2292	0	1	0
7221	2	2	1	0	28	2292	0	1	0
7321	1	1	1	0	28	2292	0	1	0
7321	2	2	1	0	28	2292	0	1	0
7421	1	1	1	0	28	2292	0	1	0
7421	2	2	1	0	28	2292	0	1	0
7521	1	1	1	0	28	2292	0	1	0
7521	2	2	1	0	28	2292	0	1	0
7621	1	1	1	0	28	2292	0	1	0
7621	2	2	1	0	28	2292	0	1	0
7721	1	1	1	0	28	2292	0	1	0
7721	2	2	1	0	28	2292	0	1	0
7821	1	1	1	0	28	2292	0	1	0
7821	2	2	1	0	28	2292	0	1	0
7921	1	1	1	0	28	2292	0	1	0
7921	2	2	1	0	28	2292	0	1	0
8021	1	1	1	0	28	2292	0	1	0
8021	2	2	1	0	28	2292	0	1	0
8121	1	1	1	0	28	2292	0	1	0
8121	2	2	1	0	28	2292	0	1	0
8221	1	1	1	0	28	2292	0	1	0
8221	2	2	1	0	28	2292	0	1	0
8321	1	1	1	0	28	2292	0	1	0
8321	2	2	1	0	28	2292	0	1	0
8421	1	1	1	0	28	2292	0	1	0
8421	2	2	1	0	28	2292	0	1	0
8521	1	1	1	0	28	2292	0	1	0
8521	2	2	1	0	28	2292	0	1	0
8621	1	1	1	0	28	2292	0	1	0
8621	2	2	1	0	28	2292	0	1	0
8721	1	1	1	0	28	2292	0	1	0
8721	2	2	1	0	28	2292	0	1	0
8821	1	1	1	0	28	2292	0	1	0
8821	2	2	1	0	28	2292	0	1	0
8921	1	1	1	0	28	2292	0	1	0
8921	2	2	1	0	28	2292	0	1	0
9021	1	1	1	0	28	2292	0	1	0
9021	2	2	1	0	28	2292	0	1	0
9121	1	1	1	0	28	2292	0	1	0
9121	2	2	1	0	28	2292	0	1	0
9221	1	1	1	0	28	2292	0	1	0
9221	2	2	1	0	28	2292	0	1	0
9321	1	1	1	0	28	2292	0	1	0
9321	2	2	1	0	28	2292	0	1	0
9421	1	1	1	0	28	2292	0	1	0
9421	2	2	1	0	28	2292	0	1	0
9521	1	1	1	0	28	2292	0	1	0
9521	2	2	1	0	28	2292	0	1	0
9621	1	1	1	0	28	2292	0	1	0
9621	2	2	1	0	28	2292	0	1	0
9721	1	1	1	0	28	2292	0	1	0
9721	2	2	1	0	28	2292	0	1	0
9821	1	1	1	0	28	2292	0	1	0
9821	2	2	1	0	28	2292	0	1	0
9921	1	1	1	0	28	2292	0	1	0
9921	2	2	1	0	28	2292	0	1	0
